data size :  67
2.0291E+00   4.1300E-01   3.2959E-02   3.2959E-02
2.2688E+00   4.2540E-01   3.0145E-02   3.0145E-02
2.5285E+00   4.2230E-01   2.6850E-02   2.6850E-02
2.8128E+00   3.9360E-01   2.2625E-02   2.2625E-02
3.1226E+00   3.5700E-01   1.8704E-02   1.8704E-02
3.4570E+00   3.1840E-01   1.5343E-02   1.5343E-02
3.8215E+00   2.7950E-01   1.2505E-02   1.2505E-02
4.2160E+00   2.4110E-01   1.0117E-02   1.0117E-02
4.6452E+00   2.0250E-01   8.0435E-03   8.0435E-03
5.1145E+00   1.7150E-01   6.5049E-03   6.5049E-03
5.6238E+00   1.4170E-01   5.1732E-03   5.1732E-03
6.1732E+00   1.1650E-01   4.1267E-03   4.1267E-03
6.7672E+00   9.5280E-02   3.2939E-03   3.2939E-03
7.4114E+00   7.7100E-02   2.6149E-03   2.6149E-03
8.1056E+00   6.2400E-02   2.0849E-03   2.0849E-03
8.8546E+00   5.0470E-02   1.6671E-03   1.6671E-03
9.6636E+00   4.0570E-02   1.3274E-03   1.3274E-03
1.0533E+01   3.2820E-02   1.0663E-03   1.0663E-03
1.1480E+01   2.6060E-02   8.4171E-04   8.4171E-04
1.2482E+01   2.1050E-02   6.7746E-04   6.7746E-04
1.3530E+01   1.6880E-02   5.4170E-04   5.4170E-04
1.4678E+01   1.3560E-02   4.3419E-04   4.3419E-04
1.5926E+01   1.0910E-02   3.4913E-04   3.4913E-04
1.7275E+01   8.5960E-03   2.7494E-04   2.7494E-04
1.8723E+01   6.9750E-03   2.2317E-04   2.2317E-04
2.0272E+01   5.5370E-03   1.7733E-04   1.7733E-04
2.1920E+01   4.4080E-03   1.4135E-04   1.4135E-04
2.3716E+01   3.5130E-03   1.1277E-04   1.1277E-04
2.5665E+01   2.8110E-03   9.0469E-05   9.0469E-05
2.7714E+01   2.2710E-03   7.3281E-05   7.3281E-05
2.9910E+01   1.7630E-03   5.7094E-05   5.7094E-05
3.2260E+01   1.4050E-03   4.5724E-05   4.5724E-05
3.4756E+01   1.1400E-03   3.7277E-05   3.7277E-05
3.7453E+01   9.0300E-04   2.9712E-05   2.9712E-05
4.0350E+01   7.0650E-04   2.3426E-05   2.3426E-05
4.3447E+01   5.7150E-04   1.9101E-05   1.9101E-05
4.6744E+01   4.6700E-04   1.5744E-05   1.5744E-05
5.0289E+01   3.6260E-04   1.2350E-05   1.2350E-05
5.4087E+01   2.9370E-04   1.0120E-05   1.0120E-05
5.8132E+01   2.3420E-04   8.1706E-06   8.1706E-06
6.2477E+01   1.8570E-04   6.5767E-06   6.5767E-06
6.7170E+01   1.4790E-04   5.3169E-06   5.3169E-06
7.2216E+01   1.1820E-04   4.3292E-06   4.3292E-06
7.7609E+01   9.6540E-05   3.5959E-06   3.5959E-06
8.3403E+01   7.6990E-05   2.9315E-06   2.9315E-06
8.9644E+01   6.2990E-05   2.4455E-06   2.4455E-06
9.6386E+01   4.8540E-05   1.9426E-06   1.9426E-06
1.0386E+02   3.7870E-05   1.5508E-06   1.5508E-06
1.1187E+02   2.9650E-05   1.2719E-06   1.2719E-06
1.2035E+02   2.5290E-05   1.1012E-06   1.1012E-06
1.2983E+02   1.8830E-05   8.5654E-07   8.5654E-07
1.4077E+02   1.4800E-05   6.8815E-07   6.8815E-07
1.5325E+02   1.0820E-05   5.3418E-07   5.3418E-07
1.6720E+02   8.7330E-06   4.4409E-07   4.4409E-07
1.8315E+02   7.0060E-06   3.6992E-07   3.6992E-07
2.0110E+02   5.0780E-06   2.8690E-07   2.8690E-07
2.2151E+02   3.8050E-06   2.2729E-07   2.2729E-07
2.4538E+02   2.8580E-06   1.8023E-07   1.8023E-07
2.7416E+02   1.8550E-06   1.2755E-07   1.2755E-07
3.0940E+02   1.4230E-06   1.0309E-07   1.0309E-07
3.5298E+02   8.8690E-07   7.1379E-08   7.1379E-08
4.0789E+02   6.0140E-07   5.2980E-08   5.2980E-08
4.7971E+02   3.8660E-07   3.7614E-08   3.7614E-08
5.8557E+02   2.3130E-07   2.5041E-08   2.5041E-08
7.5584E+02   1.0080E-07   1.3513E-08   1.3513E-08
1.0535E+03   4.4190E-08   7.5460E-09   7.5460E-09
1.9029E+03   5.2720E-09   1.6632E-09   1.6632E-09
