data size :  66
2.2716E+00   2.9470E-01   1.9825E-02   1.9825E-02   1.4430E-03   1.4430E-03
2.5314E+00   3.0330E-01   1.8209E-02   1.8209E-02   1.3370E-03   1.3370E-03
2.8160E+00   3.0860E-01   1.6666E-02   1.6666E-02   1.2580E-03   1.2580E-03
3.1259E+00   3.1730E-01   1.5508E-02   1.5508E-02   1.2390E-03   1.2390E-03
3.4606E+00   3.2410E-01   1.4445E-02   1.4445E-02   1.1900E-03   1.1900E-03
3.8253E+00   3.2960E-01   1.3507E-02   1.3507E-02   1.1860E-03   1.1860E-03
4.2200E+00   3.2850E-01   1.2490E-02   1.2490E-02   1.1600E-03   1.1600E-03
4.6496E+00   3.2210E-01   1.1456E-02   1.1456E-02   1.0930E-03   1.0930E-03
5.1191E+00   3.2000E-01   1.0738E-02   1.0738E-02   1.0410E-03   1.0410E-03
5.6288E+00   3.1450E-01   1.0047E-02   1.0047E-02   1.0290E-03   1.0290E-03
6.1784E+00   3.0870E-01   9.4657E-03   9.4657E-03   1.0220E-03   1.0220E-03
6.7729E+00   3.0320E-01   8.9887E-03   8.9887E-03   1.0050E-03   1.0050E-03
7.4174E+00   2.9770E-01   8.5855E-03   8.5855E-03   9.9570E-04   9.9570E-04
8.1120E+00   2.9170E-01   8.2254E-03   8.2254E-03   9.8920E-04   9.8920E-04
8.8614E+00   2.8800E-01   7.9783E-03   7.9783E-03   1.0000E-03   1.0000E-03
9.6709E+00   2.8340E-01   7.7379E-03   7.7379E-03   1.0300E-03   1.0300E-03
1.0540E+01   2.8110E-01   7.5902E-03   7.5902E-03   1.0780E-03   1.0780E-03
1.1489E+01   2.7480E-01   7.3514E-03   7.3514E-03   1.1040E-03   1.1040E-03
1.2490E+01   2.7090E-01   7.2091E-03   7.2091E-03   1.1920E-03   1.1920E-03
1.3539E+01   2.6470E-01   7.0139E-03   7.0139E-03   1.2210E-03   1.2210E-03
1.4688E+01   2.6020E-01   6.8763E-03   6.8763E-03   1.2600E-03   1.2600E-03
1.5937E+01   2.5550E-01   6.7460E-03   6.7460E-03   1.2970E-03   1.2970E-03
1.7286E+01   2.4710E-01   6.5315E-03   6.5315E-03   1.3270E-03   1.3270E-03
1.8735E+01   2.4490E-01   6.4867E-03   6.4867E-03   1.3720E-03   1.3720E-03
2.0284E+01   2.3620E-01   6.2789E-03   6.2789E-03   1.3820E-03   1.3820E-03
2.1934E+01   2.3020E-01   6.1438E-03   6.1438E-03   1.3940E-03   1.3940E-03
2.3731E+01   2.2470E-01   6.0185E-03   6.0185E-03   1.3770E-03   1.3770E-03
2.5681E+01   2.2080E-01   5.9528E-03   5.9528E-03   1.4150E-03   1.4150E-03
2.7730E+01   2.1820E-01   5.9240E-03   5.9240E-03   1.4590E-03   1.4590E-03
2.9928E+01   2.0710E-01   5.6694E-03   5.6694E-03   1.4580E-03   1.4580E-03
3.2278E+01   2.0120E-01   5.5680E-03   5.5680E-03   1.5230E-03   1.5230E-03
3.4776E+01   1.9850E-01   5.5476E-03   5.5476E-03   1.5810E-03   1.5810E-03
3.7474E+01   1.9150E-01   5.4177E-03   5.4177E-03   1.6360E-03   1.6360E-03
4.0372E+01   1.8180E-01   5.2175E-03   5.2175E-03   1.6880E-03   1.6880E-03
4.3471E+01   1.8110E-01   5.2713E-03   5.2713E-03   1.8090E-03   1.8090E-03
4.6769E+01   1.8020E-01   5.3222E-03   5.3222E-03   1.9300E-03   1.9300E-03
5.0316E+01   1.6730E-01   5.0225E-03   5.0225E-03   1.9360E-03   1.9360E-03
5.4115E+01   1.6640E-01   5.0859E-03   5.0859E-03   2.0820E-03   2.0820E-03
5.8162E+01   1.6060E-01   5.0001E-03   5.0001E-03   2.1620E-03   2.1620E-03
6.2510E+01   1.5550E-01   4.9401E-03   4.9401E-03   2.2630E-03   2.2630E-03
6.7205E+01   1.5210E-01   4.9326E-03   4.9326E-03   2.3730E-03   2.3730E-03
7.2253E+01   1.4770E-01   4.9098E-03   4.9098E-03   2.4960E-03   2.4960E-03
7.7650E+01   1.4560E-01   4.9458E-03   4.9458E-03   2.6190E-03   2.6190E-03
8.3446E+01   1.4280E-01   4.9867E-03   4.9867E-03   2.7740E-03   2.7740E-03
8.9691E+01   1.4070E-01   5.0286E-03   5.0286E-03   2.8980E-03   2.8980E-03
9.6437E+01   1.3370E-01   4.9580E-03   4.9580E-03   3.0130E-03   3.0130E-03
1.0392E+02   1.2670E-01   4.8173E-03   4.8173E-03   3.0110E-03   3.0110E-03
1.1193E+02   1.2290E-01   4.9399E-03   4.9399E-03   3.2940E-03   3.2940E-03
1.2042E+02   1.2610E-01   5.1454E-03   5.1454E-03   3.4520E-03   3.4520E-03
1.2990E+02   1.1750E-01   5.0348E-03   5.0348E-03   3.5210E-03   3.5210E-03
1.4087E+02   1.1500E-01   5.0301E-03   5.0301E-03   3.5410E-03   3.5410E-03
1.5336E+02   1.0790E-01   5.0442E-03   5.0442E-03   3.7170E-03   3.7170E-03
1.6733E+02   1.0970E-01   5.2790E-03   5.2790E-03   3.9160E-03   3.9160E-03
1.8330E+02   1.1190E-01   5.5948E-03   5.5948E-03   4.1920E-03   4.1920E-03
2.0128E+02   1.0660E-01   5.7257E-03   5.7257E-03   4.4230E-03   4.4230E-03
2.2173E+02   1.0150E-01   5.7571E-03   5.7571E-03   4.5050E-03   4.5050E-03
2.4566E+02   9.9730E-02   5.9568E-03   5.9568E-03   4.6890E-03   4.6890E-03
2.7453E+02   8.5200E-02   5.5393E-03   5.5393E-03   4.4460E-03   4.4460E-03
3.0989E+02   9.2660E-02   6.3050E-03   6.3050E-03   5.0130E-03   5.0130E-03
3.5365E+02   7.9990E-02   6.0200E-03   6.0200E-03   4.8560E-03   4.8560E-03
4.0883E+02   8.4170E-02   6.8802E-03   6.8802E-03   5.5240E-03   5.5240E-03
4.8117E+02   7.9110E-02   7.0324E-03   7.0324E-03   5.5490E-03   5.5490E-03
5.8864E+02   8.0960E-02   7.7729E-03   7.7729E-03   5.7990E-03   5.7990E-03
7.6210E+02   7.1150E-02   8.2917E-03   8.2917E-03   6.0280E-03   6.0280E-03
1.0696E+03   7.3260E-02   1.0491E-02   1.0491E-02   6.8130E-03   6.8130E-03
2.0712E+03   4.4610E-02   1.3492E-02   1.3492E-02   1.2430E-02   1.2430E-02
