#Source: SSDC
#Ref: 10.1016/j.physrep.2020.09.003 (2021PhR...894....1A)
#Experiment: AMS-02
#Quantity: B/C
#Units: rigidity(original)
#Url: https://tools.ssdc.asi.it/CosmicRays/
#Comments: 
2.03175e+00 2.86700e-01 1.59531e-02 1.59531e-02 1.30000e-03 1.30000e-03 
2.27156e+00 2.91500e-01 1.40431e-02 1.40431e-02 1.10000e-03 1.10000e-03 
2.53140e+00 2.99500e-01 1.29387e-02 1.29387e-02 1.00000e-03 1.00000e-03 
2.81601e+00 3.06100e-01 1.19419e-02 1.19419e-02 1.00000e-03 1.00000e-03 
3.12591e+00 3.14200e-01 1.11450e-02 1.11450e-02 1.00000e-03 1.00000e-03 
3.46058e+00 3.19900e-01 1.04389e-02 1.04389e-02 9.00000e-04 9.00000e-04 
3.82528e+00 3.25000e-01 9.74166e-03 9.74166e-03 9.00000e-04 9.00000e-04 
4.22002e+00 3.25300e-01 9.14440e-03 9.14440e-03 9.00000e-04 9.00000e-04 
4.64956e+00 3.21300e-01 8.54751e-03 8.54751e-03 9.00000e-04 9.00000e-04 
5.11914e+00 3.18800e-01 8.03990e-03 8.03990e-03 8.00000e-04 8.00000e-04 
5.62877e+00 3.14900e-01 7.54255e-03 7.54255e-03 8.00000e-04 8.00000e-04 
6.17843e+00 3.09300e-01 7.24431e-03 7.24431e-03 8.00000e-04 8.00000e-04 
6.77291e+00 3.05600e-01 6.94622e-03 6.94622e-03 8.00000e-04 8.00000e-04 
7.41744e+00 2.99300e-01 6.64831e-03 6.64831e-03 8.00000e-04 8.00000e-04 
8.11202e+00 2.94300e-01 6.44981e-03 6.44981e-03 8.00000e-04 8.00000e-04 
8.86142e+00 2.91000e-01 6.25140e-03 6.25140e-03 8.00000e-04 8.00000e-04 
9.67088e+00 2.85700e-01 6.05310e-03 6.05310e-03 8.00000e-04 8.00000e-04 
1.05404e+01 2.82300e-01 5.95399e-03 5.95399e-03 8.00000e-04 8.00000e-04 
1.14891e+01 2.76500e-01 5.77062e-03 5.77062e-03 9.00000e-04 9.00000e-04 
1.24900e+01 2.71200e-01 5.67186e-03 5.67186e-03 9.00000e-04 9.00000e-04 
1.35388e+01 2.63900e-01 5.47449e-03 5.47449e-03 9.00000e-04 9.00000e-04 
1.46877e+01 2.59700e-01 5.39351e-03 5.39351e-03 1.00000e-03 1.00000e-03 
1.59367e+01 2.54300e-01 5.29528e-03 5.29528e-03 1.00000e-03 1.00000e-03 
1.72858e+01 2.46100e-01 5.19711e-03 5.19711e-03 1.00000e-03 1.00000e-03 
1.87350e+01 2.42500e-01 5.11957e-03 5.11957e-03 1.10000e-03 1.10000e-03 
2.02842e+01 2.36300e-01 5.02195e-03 5.02195e-03 1.10000e-03 1.10000e-03 
2.19335e+01 2.29800e-01 4.92443e-03 4.92443e-03 1.10000e-03 1.10000e-03 
2.37310e+01 2.23800e-01 4.82701e-03 4.82701e-03 1.10000e-03 1.10000e-03 
2.56805e+01 2.19000e-01 4.72969e-03 4.72969e-03 1.10000e-03 1.10000e-03 
2.77301e+01 2.14500e-01 4.63249e-03 4.63249e-03 1.10000e-03 1.10000e-03 
2.99279e+01 2.08600e-01 4.63249e-03 4.63249e-03 1.10000e-03 1.10000e-03 
3.22777e+01 2.01700e-01 4.56070e-03 4.56070e-03 1.20000e-03 1.20000e-03 
3.47757e+01 1.98800e-01 4.56070e-03 4.56070e-03 1.20000e-03 1.20000e-03 
3.74739e+01 1.90400e-01 4.39659e-03 4.39659e-03 1.30000e-03 1.30000e-03 
4.03721e+01 1.83400e-01 4.30116e-03 4.30116e-03 1.30000e-03 1.30000e-03 
4.34706e+01 1.80000e-01 4.33244e-03 4.33244e-03 1.40000e-03 1.40000e-03 
4.67691e+01 1.78000e-01 4.36578e-03 4.36578e-03 1.50000e-03 1.50000e-03 
5.03160e+01 1.69400e-01 4.27200e-03 4.27200e-03 1.50000e-03 1.50000e-03 
5.41149e+01 1.66800e-01 4.30813e-03 4.30813e-03 1.60000e-03 1.60000e-03 
5.81621e+01 1.61800e-01 4.25441e-03 4.25441e-03 1.70000e-03 1.70000e-03 
6.25095e+01 1.58900e-01 4.29535e-03 4.29535e-03 1.80000e-03 1.80000e-03 
6.72054e+01 1.51900e-01 4.20476e-03 4.20476e-03 1.80000e-03 1.80000e-03 
7.22532e+01 1.48900e-01 4.15933e-03 4.15933e-03 1.90000e-03 1.90000e-03 
7.76495e+01 1.43400e-01 4.11825e-03 4.11825e-03 2.00000e-03 2.00000e-03 
8.34461e+01 1.42000e-01 4.25441e-03 4.25441e-03 2.10000e-03 2.10000e-03 
8.96911e+01 1.38800e-01 4.21900e-03 4.21900e-03 2.20000e-03 2.20000e-03 
9.64365e+01 1.34000e-01 4.27200e-03 4.27200e-03 2.30000e-03 2.30000e-03 
1.03923e+02 1.24700e-01 4.10488e-03 4.10488e-03 2.30000e-03 2.30000e-03 
1.11929e+02 1.25600e-01 4.36005e-03 4.36005e-03 2.60000e-03 2.60000e-03 
1.20416e+02 1.23000e-01 4.28019e-03 4.28019e-03 2.60000e-03 2.60000e-03 
1.29904e+02 1.15700e-01 4.26380e-03 4.26380e-03 2.70000e-03 2.70000e-03 
1.40872e+02 1.17600e-01 4.40454e-03 4.40454e-03 2.80000e-03 2.80000e-03 
1.53362e+02 1.14800e-01 4.60977e-03 4.60977e-03 3.00000e-03 3.00000e-03 
1.67332e+02 1.13100e-01 4.60109e-03 4.60109e-03 3.10000e-03 3.10000e-03 
1.83303e+02 1.09600e-01 4.66905e-03 4.66905e-03 3.20000e-03 3.20000e-03 
2.01276e+02 1.02500e-01 4.59674e-03 4.59674e-03 3.30000e-03 3.30000e-03 
2.21727e+02 1.04000e-01 4.95177e-03 4.95177e-03 3.60000e-03 3.60000e-03 
2.45656e+02 9.70000e-02 4.88365e-03 4.88365e-03 3.60000e-03 3.60000e-03 
2.74534e+02 9.29000e-02 4.95177e-03 4.95177e-03 3.60000e-03 3.60000e-03 
3.09887e+02 8.83000e-02 4.96790e-03 4.96790e-03 3.80000e-03 3.80000e-03 
3.53652e+02 8.29000e-02 5.10882e-03 5.10882e-03 3.90000e-03 3.90000e-03 
4.08826e+02 8.84000e-02 5.74891e-03 5.74891e-03 4.40000e-03 4.40000e-03 
4.81170e+02 7.82000e-02 5.46717e-03 5.46717e-03 4.20000e-03 4.20000e-03 
5.88643e+02 7.03000e-02 5.39073e-03 5.39073e-03 4.10000e-03 4.10000e-03 
7.62102e+02 7.17000e-02 6.36553e-03 6.36553e-03 4.60000e-03 4.60000e-03 
1.06958e+03 7.33000e-02 7.93095e-03 7.93095e-03 5.30000e-03 5.30000e-03 
2.07123e+03 4.65000e-02 1.03078e-02 1.03078e-02 9.50000e-03 9.50000e-03 
