data size :  18
2.1926E+00   3.1200E-01   2.2847E-02   2.2847E-02
2.5907E+00   3.1700E-01   2.2472E-02   2.2472E-02
3.0828E+00   3.3400E-01   2.3409E-02   2.3409E-02
3.6989E+00   3.3500E-01   2.3409E-02   2.3409E-02
4.4739E+00   3.3900E-01   2.3409E-02   2.3409E-02
5.4659E+00   3.1200E-01   2.2472E-02   2.2472E-02
6.7417E+00   3.0600E-01   2.2472E-02   2.2472E-02
8.3785E+00   2.8300E-01   2.4698E-02   2.4698E-02
1.0509E+01   2.7900E-01   2.5080E-02   2.5080E-02
1.3304E+01   2.6100E-01   2.4166E-02   2.4166E-02
1.6926E+01   2.4300E-01   2.3707E-02   2.3707E-02
2.1632E+01   2.4200E-01   2.4698E-02   2.4698E-02
2.7780E+01   2.2400E-01   2.5000E-02   2.5000E-02
3.5850E+01   1.9600E-01   2.5456E-02   2.5456E-02
4.6458E+01   1.7000E-01   2.5612E-02   2.5612E-02
6.8808E+01   1.4100E-01   2.0591E-02   2.0591E-02
1.1664E+02   1.3000E-01   3.1321E-02   3.1321E-02
1.9880E+02   1.1000E-01   3.1048E-02   3.1048E-02
