data size :  67
2.0291E+00   1.3430E-01   6.1191E-03   6.1191E-03
2.2688E+00   1.3430E-01   5.7979E-03   5.7979E-03
2.5285E+00   1.2680E-01   5.2636E-03   5.2636E-03
2.8128E+00   1.2050E-01   4.8481E-03   4.8481E-03
3.1226E+00   1.1280E-01   4.4287E-03   4.4287E-03
3.4570E+00   1.0030E-01   3.8630E-03   3.8630E-03
3.8215E+00   8.8790E-02   3.3727E-03   3.3727E-03
4.2160E+00   7.6610E-02   2.8803E-03   2.8803E-03
4.6452E+00   6.5780E-02   2.4531E-03   2.4531E-03
5.1145E+00   5.6130E-02   2.0815E-03   2.0815E-03
5.6238E+00   4.6610E-02   1.7220E-03   1.7220E-03
6.1732E+00   3.8790E-02   1.4301E-03   1.4301E-03
6.7672E+00   3.1900E-02   1.1746E-03   1.1746E-03
7.4114E+00   2.5970E-02   9.5624E-04   9.5624E-04
8.1056E+00   2.0800E-02   7.6630E-04   7.6630E-04
8.8546E+00   1.7040E-02   6.2824E-04   6.2824E-04
9.6636E+00   1.3810E-02   5.1030E-04   5.1030E-04
1.0533E+01   1.1080E-02   4.1055E-04   4.1055E-04
1.1480E+01   8.7550E-03   3.2512E-04   3.2512E-04
1.2482E+01   7.2090E-03   2.6881E-04   2.6881E-04
1.3530E+01   5.7780E-03   2.1617E-04   2.1617E-04
1.4678E+01   4.6260E-03   1.7371E-04   1.7371E-04
1.5926E+01   3.7170E-03   1.4015E-04   1.4015E-04
1.7275E+01   3.0300E-03   1.1469E-04   1.1469E-04
1.8723E+01   2.3850E-03   9.0725E-05   9.0725E-05
2.0272E+01   1.9320E-03   7.3813E-05   7.3813E-05
2.1920E+01   1.5600E-03   5.9847E-05   5.9847E-05
2.3716E+01   1.2300E-03   4.7367E-05   4.7367E-05
2.5665E+01   9.6640E-04   3.7449E-05   3.7449E-05
2.7714E+01   7.7750E-04   3.0309E-05   3.0309E-05
2.9910E+01   6.2840E-04   2.4638E-05   2.4638E-05
3.2260E+01   5.1140E-04   2.0214E-05   2.0214E-05
3.4756E+01   4.0450E-04   1.6132E-05   1.6132E-05
3.7453E+01   3.2590E-04   1.3126E-05   1.3126E-05
4.0350E+01   2.6080E-04   1.0628E-05   1.0628E-05
4.3447E+01   2.0350E-04   8.4179E-06   8.4179E-06
4.6744E+01   1.6700E-04   7.0009E-06   7.0009E-06
5.0289E+01   1.3210E-04   5.6254E-06   5.6254E-06
5.4087E+01   1.0570E-04   4.5917E-06   4.5917E-06
5.8132E+01   8.5050E-05   3.7631E-06   3.7631E-06
6.2477E+01   6.9250E-05   3.1241E-06   3.1241E-06
6.7170E+01   5.2710E-05   2.4453E-06   2.4453E-06
7.2216E+01   4.4220E-05   2.0942E-06   2.0942E-06
7.7609E+01   3.3490E-05   1.6441E-06   1.6441E-06
8.3403E+01   2.8130E-05   1.4122E-06   1.4122E-06
8.9644E+01   2.3650E-05   1.2127E-06   1.2127E-06
9.6386E+01   1.8260E-05   9.7464E-07   9.7464E-07
1.0386E+02   1.4020E-05   7.7300E-07   7.7300E-07
1.1187E+02   1.1300E-05   6.5744E-07   6.5744E-07
1.2035E+02   8.8550E-06   5.3380E-07   5.3380E-07
1.2983E+02   6.3070E-06   4.0655E-07   4.0655E-07
1.4077E+02   5.6070E-06   3.5723E-07   3.5723E-07
1.5325E+02   3.8740E-06   2.6947E-07   2.6947E-07
1.6720E+02   3.3080E-06   2.3285E-07   2.3285E-07
1.8315E+02   2.1520E-06   1.6770E-07   1.6770E-07
2.0110E+02   1.5950E-06   1.3337E-07   1.3337E-07
2.2151E+02   1.4430E-06   1.2009E-07   1.2009E-07
2.4538E+02   1.0150E-06   9.0971E-08   9.0971E-08
2.7416E+02   7.4630E-07   7.0275E-08   7.0275E-08
3.0940E+02   4.7810E-07   4.9936E-08   4.9936E-08
3.5298E+02   3.0760E-07   3.5426E-08   3.5426E-08
4.0789E+02   2.3940E-07   2.8612E-08   2.8612E-08
4.7971E+02   1.2310E-07   1.7343E-08   1.7343E-08
5.8557E+02   7.7400E-08   1.1654E-08   1.1654E-08
7.5584E+02   3.6030E-08   6.6308E-09   6.6308E-09
1.0535E+03   1.2500E-08   3.0975E-09   3.0975E-09
1.9029E+03   1.3990E-09   7.5927E-10   7.5927E-10
