data size :  66
2.2716E+00   3.1570E-01   2.2048E-02   2.2048E-02
2.5314E+00   3.0020E-01   1.8929E-02   1.8929E-02
2.8160E+00   3.0620E-01   1.7568E-02   1.7568E-02
3.1259E+00   3.1610E-01   1.6661E-02   1.6661E-02
3.4606E+00   3.1500E-01   1.5409E-02   1.5409E-02
3.8253E+00   3.1770E-01   1.4575E-02   1.4575E-02
4.2200E+00   3.1780E-01   1.3798E-02   1.3798E-02
4.6496E+00   3.2480E-01   1.3462E-02   1.3462E-02
5.1191E+00   3.2720E-01   1.3047E-02   1.3047E-02
5.6288E+00   3.2900E-01   1.2723E-02   1.2723E-02
6.1784E+00   3.3300E-01   1.2574E-02   1.2574E-02
6.7729E+00   3.3480E-01   1.2405E-02   1.2405E-02
7.4174E+00   3.3680E-01   1.2301E-02   1.2301E-02
8.1120E+00   3.3340E-01   1.2045E-02   1.2045E-02
8.8614E+00   3.3750E-01   1.2097E-02   1.2097E-02
9.6709E+00   3.4050E-01   1.2138E-02   1.2138E-02
1.0540E+01   3.3770E-01   1.2000E-02   1.2000E-02
1.1489E+01   3.3600E-01   1.1914E-02   1.1914E-02
1.2490E+01   3.4240E-01   1.2155E-02   1.2155E-02
1.3539E+01   3.4230E-01   1.2159E-02   1.2159E-02
1.4688E+01   3.4120E-01   1.2144E-02   1.2144E-02
1.5937E+01   3.4060E-01   1.2156E-02   1.2156E-02
1.7286E+01   3.5250E-01   1.2627E-02   1.2627E-02
1.8735E+01   3.4190E-01   1.2311E-02   1.2311E-02
2.0284E+01   3.4900E-01   1.2626E-02   1.2626E-02
2.1934E+01   3.5390E-01   1.2867E-02   1.2867E-02
2.3731E+01   3.5010E-01   1.2782E-02   1.2782E-02
2.5681E+01   3.4380E-01   1.2650E-02   1.2650E-02
2.7730E+01   3.4240E-01   1.2698E-02   1.2698E-02
2.9928E+01   3.5650E-01   1.3328E-02   1.3328E-02
3.2278E+01   3.6410E-01   1.3772E-02   1.3772E-02
3.4776E+01   3.5480E-01   1.3583E-02   1.3583E-02
3.7474E+01   3.6090E-01   1.4010E-02   1.4010E-02
4.0372E+01   3.6920E-01   1.4575E-02   1.4575E-02
4.3471E+01   3.5600E-01   1.4339E-02   1.4339E-02
4.6769E+01   3.5750E-01   1.4665E-02   1.4665E-02
5.0316E+01   3.6420E-01   1.5269E-02   1.5269E-02
5.4115E+01   3.6000E-01   1.5478E-02   1.5478E-02
5.8162E+01   3.6320E-01   1.6003E-02   1.6003E-02
6.2510E+01   3.7290E-01   1.6869E-02   1.6869E-02
6.7205E+01   3.5640E-01   1.6679E-02   1.6679E-02
7.2253E+01   3.7410E-01   1.8002E-02   1.8002E-02
7.7650E+01   3.4690E-01   1.7397E-02   1.7397E-02
8.3446E+01   3.6540E-01   1.8873E-02   1.8873E-02
8.9691E+01   3.7540E-01   1.9918E-02   1.9918E-02
9.6437E+01   3.7610E-01   2.0968E-02   2.0968E-02
1.0392E+02   3.7030E-01   2.1416E-02   2.1416E-02
1.1193E+02   3.8120E-01   2.3559E-02   2.3559E-02
1.2042E+02   3.5010E-01   2.2390E-02   2.2390E-02
1.2990E+02   3.3490E-01   2.3055E-02   2.3055E-02
1.4087E+02   3.7870E-01   2.5899E-02   2.5899E-02
1.5336E+02   3.5820E-01   2.6956E-02   2.6956E-02
1.6733E+02   3.7880E-01   2.8942E-02   2.8942E-02
1.8330E+02   3.0720E-01   2.5777E-02   2.5777E-02
2.0128E+02   3.1420E-01   2.8494E-02   2.8494E-02
2.2173E+02   3.7920E-01   3.4646E-02   3.4646E-02
2.4566E+02   3.5530E-01   3.4842E-02   3.4842E-02
2.7453E+02   4.0230E-01   4.1957E-02   4.1957E-02
3.0989E+02   3.3600E-01   3.8259E-02   3.8259E-02
3.5365E+02   3.4690E-01   4.3707E-02   4.3707E-02
4.0883E+02   3.9800E-01   5.2184E-02   5.2184E-02
4.8117E+02   3.1840E-01   4.8162E-02   4.8162E-02
5.8864E+02   3.3470E-01   5.2868E-02   5.2868E-02
7.6210E+02   3.5740E-01   6.7748E-02   6.7748E-02
1.0696E+03   2.8290E-01   6.8837E-02   6.8837E-02
2.0712E+03   2.6540E-01   1.5889E-01   1.5889E-01

