data size :  66
2.2716E+00   9.3040E-02   3.3727E-03   3.3727E-03
2.5314E+00   9.1070E-02   3.1477E-03   3.1477E-03
2.8160E+00   9.4500E-02   3.1636E-03   3.1636E-03
3.1259E+00   1.0030E-01   3.2729E-03   3.2729E-03
3.4606E+00   1.0210E-01   3.2606E-03   3.2606E-03
3.8253E+00   1.0470E-01   3.2903E-03   3.2903E-03
4.2200E+00   1.0440E-01   3.2377E-03   3.2377E-03
4.6496E+00   1.0460E-01   3.2079E-03   3.2079E-03
5.1191E+00   1.0470E-01   3.1816E-03   3.1816E-03
5.6288E+00   1.0350E-01   3.1263E-03   3.1263E-03
6.1784E+00   1.0280E-01   3.0928E-03   3.0928E-03
6.7729E+00   1.0150E-01   3.0460E-03   3.0460E-03
7.4174E+00   1.0030E-01   3.0037E-03   3.0037E-03
8.1120E+00   9.7240E-02   2.9121E-03   2.9121E-03
8.8614E+00   9.7230E-02   2.9127E-03   2.9127E-03
9.6709E+00   9.6510E-02   2.8961E-03   2.8961E-03
1.0540E+01   9.4940E-02   2.8582E-03   2.8582E-03
1.1489E+01   9.2320E-02   2.7891E-03   2.7891E-03
1.2490E+01   9.2770E-02   2.8195E-03   2.8195E-03
1.3539E+01   9.0610E-02   2.7670E-03   2.7670E-03
1.4688E+01   8.8780E-02   2.7270E-03   2.7270E-03
1.5937E+01   8.7010E-02   2.6907E-03   2.6907E-03
1.7286E+01   8.7080E-02   2.7110E-03   2.7110E-03
1.8735E+01   8.3730E-02   2.6290E-03   2.6290E-03
2.0284E+01   8.2430E-02   2.6089E-03   2.6089E-03
2.1934E+01   8.1470E-02   2.5975E-03   2.5975E-03
2.3731E+01   7.8650E-02   2.5254E-03   2.5254E-03
2.5681E+01   7.5890E-02   2.4632E-03   2.4632E-03
2.7730E+01   7.4710E-02   2.4508E-03   2.4508E-03
2.9928E+01   7.3850E-02   2.4471E-03   2.4471E-03
3.2278E+01   7.3250E-02   2.4603E-03   2.4603E-03
3.4776E+01   7.0410E-02   2.3996E-03   2.3996E-03
3.7474E+01   6.9120E-02   2.3921E-03   2.3921E-03
4.0372E+01   6.7120E-02   2.3657E-03   2.3657E-03
4.3471E+01   6.4480E-02   2.3232E-03   2.3232E-03
4.6769E+01   6.4440E-02   2.3680E-03   2.3680E-03
5.0316E+01   6.0940E-02   2.2887E-03   2.2887E-03
5.4115E+01   5.9910E-02   2.3099E-03   2.3099E-03
5.8162E+01   5.8340E-02   2.3063E-03   2.3063E-03
6.2510E+01   5.7970E-02   2.3505E-03   2.3505E-03
6.7205E+01   5.4200E-02   2.2761E-03   2.2761E-03
7.2253E+01   5.5250E-02   2.3803E-03   2.3803E-03
7.7650E+01   5.0510E-02   2.2728E-03   2.2728E-03
8.3446E+01   5.2190E-02   2.4114E-03   2.4114E-03
8.9691E+01   5.2810E-02   2.5030E-03   2.5030E-03
9.6437E+01   5.0300E-02   2.4986E-03   2.4986E-03
1.0392E+02   4.6920E-02   2.4151E-03   2.4151E-03
1.1193E+02   4.6860E-02   2.5678E-03   2.5678E-03
1.2042E+02   4.4150E-02   2.5156E-03   2.5156E-03
1.2990E+02   3.9370E-02   2.4139E-03   2.4139E-03
1.4087E+02   4.3560E-02   2.6320E-03   2.6320E-03
1.5336E+02   3.8630E-02   2.5703E-03   2.5703E-03
1.6733E+02   4.1540E-02   2.7941E-03   2.7941E-03
1.8330E+02   3.4380E-02   2.5783E-03   2.5783E-03
2.0128E+02   3.3500E-02   2.7060E-03   2.7060E-03
2.2173E+02   3.8490E-02   3.0847E-03   3.0847E-03
2.4566E+02   3.5430E-02   3.0626E-03   3.0626E-03
2.7453E+02   3.4280E-02   3.1094E-03   3.1094E-03
3.0989E+02   3.1130E-02   3.1391E-03   3.1391E-03
3.5365E+02   2.7750E-02   3.0822E-03   3.0822E-03
4.0883E+02   3.3500E-02   3.8386E-03   3.8386E-03
4.8117E+02   2.5190E-02   3.4012E-03   3.4012E-03
5.8864E+02   2.7090E-02   3.8429E-03   3.8429E-03
7.6210E+02   2.5430E-02   4.3548E-03   4.3548E-03
1.0696E+03   2.0730E-02   4.7239E-03   4.7239E-03
2.0712E+03   1.1840E-02   6.3437E-03   6.3437E-03
