data size :  66
2.2716E+00   9.6940E-02   3.6933E-03   3.6933E-03   7.7030E-04   7.7030E-04
2.5314E+00   9.7900E-02   3.4507E-03   3.4507E-03   7.1750E-04   7.1750E-04
2.8160E+00   1.0170E-01   3.3972E-03   3.3972E-03   6.8400E-04   6.8400E-04
3.1259E+00   1.0590E-01   3.4436E-03   3.4436E-03   6.7230E-04   6.7230E-04
3.4606E+00   1.0710E-01   3.4355E-03   3.4355E-03   6.3940E-04   6.3940E-04
3.8253E+00   1.0900E-01   3.4638E-03   3.4638E-03   6.3410E-04   6.3410E-04
4.2200E+00   1.0940E-01   3.4539E-03   3.4539E-03   6.2530E-04   6.2530E-04
4.6496E+00   1.0980E-01   3.4486E-03   3.4486E-03   5.9800E-04   5.9800E-04
5.1191E+00   1.1060E-01   3.4591E-03   3.4591E-03   5.7620E-04   5.7620E-04
5.6288E+00   1.0920E-01   3.4118E-03   3.4118E-03   5.7150E-04   5.7150E-04
6.1784E+00   1.0860E-01   3.3945E-03   3.3945E-03   5.7270E-04   5.7270E-04
6.7729E+00   1.0750E-01   3.3620E-03   3.3620E-03   5.6660E-04   5.6660E-04
7.4174E+00   1.0600E-01   3.3191E-03   3.3191E-03   5.6250E-04   5.6250E-04
8.1120E+00   1.0240E-01   3.2135E-03   3.2135E-03   5.5420E-04   5.5420E-04
8.8614E+00   1.0160E-01   3.1965E-03   3.1965E-03   5.6010E-04   5.6010E-04
9.6709E+00   1.0010E-01   3.1609E-03   3.1609E-03   5.7550E-04   5.7550E-04
1.0540E+01   9.7990E-02   3.1084E-03   3.1084E-03   5.9660E-04   5.9660E-04
1.1489E+01   9.4290E-02   3.0058E-03   3.0058E-03   6.0300E-04   6.0300E-04
1.2490E+01   9.3990E-02   3.0161E-03   3.0161E-03   6.5290E-04   6.5290E-04
1.3539E+01   9.1190E-02   2.9429E-03   2.9429E-03   6.6430E-04   6.6430E-04
1.4688E+01   8.9310E-02   2.9004E-03   2.9004E-03   6.8450E-04   6.8450E-04
1.5937E+01   8.6690E-02   2.8344E-03   2.8344E-03   6.9760E-04   6.9760E-04
1.7286E+01   8.6130E-02   2.8358E-03   2.8358E-03   7.2280E-04   7.2280E-04
1.8735E+01   8.2350E-02   2.7342E-03   2.7342E-03   7.3050E-04   7.3050E-04
2.0284E+01   8.1140E-02   2.7138E-03   2.7138E-03   7.4610E-04   7.4610E-04
2.1934E+01   7.9810E-02   2.6892E-03   2.6892E-03   7.5550E-04   7.5550E-04
2.3731E+01   7.6240E-02   2.5867E-03   2.5867E-03   7.3440E-04   7.3440E-04
2.5681E+01   7.3290E-02   2.5126E-03   2.5126E-03   7.4500E-04   7.4500E-04
2.7730E+01   7.1890E-02   2.4904E-03   2.4904E-03   7.6440E-04   7.6440E-04
2.9928E+01   7.0400E-02   2.4625E-03   2.4625E-03   7.7540E-04   7.7540E-04
3.2278E+01   6.9440E-02   2.4617E-03   2.4617E-03   8.1510E-04   8.1510E-04
3.4776E+01   6.6650E-02   2.3970E-03   2.3970E-03   8.3390E-04   8.3390E-04
3.7474E+01   6.5310E-02   2.3850E-03   2.3850E-03   8.7110E-04   8.7110E-04
4.0372E+01   6.3930E-02   2.3776E-03   2.3776E-03   9.1970E-04   9.1970E-04
4.3471E+01   6.0320E-02   2.2928E-03   2.2928E-03   9.4880E-04   9.4880E-04
4.6769E+01   5.9990E-02   2.3252E-03   2.3252E-03   1.0100E-03   1.0100E-03
5.0316E+01   5.7060E-02   2.2610E-03   2.2610E-03   1.0330E-03   1.0330E-03
5.4115E+01   5.5390E-02   2.2528E-03   2.2528E-03   1.0900E-03   1.0900E-03
5.8162E+01   5.4610E-02   2.2772E-03   2.2772E-03   1.1540E-03   1.1540E-03
6.2510E+01   5.3660E-02   2.2947E-03   2.2947E-03   1.2120E-03   1.2120E-03
6.7205E+01   4.9550E-02   2.1931E-03   2.1931E-03   1.2260E-03   1.2260E-03
7.2253E+01   5.1350E-02   2.3332E-03   2.3332E-03   1.3470E-03   1.3470E-03
7.7650E+01   4.6770E-02   2.2149E-03   2.2149E-03   1.3530E-03   1.3530E-03
8.3446E+01   4.7420E-02   2.3072E-03   2.3072E-03   1.4450E-03   1.4450E-03
8.9691E+01   4.9040E-02   2.4488E-03   2.4488E-03   1.5660E-03   1.5660E-03
9.6437E+01   4.6310E-02   2.4192E-03   2.4192E-03   1.6170E-03   1.6170E-03
1.0392E+02   4.3260E-02   2.3419E-03   2.3419E-03   1.6070E-03   1.6070E-03
1.1193E+02   4.2240E-02   2.4251E-03   2.4251E-03   1.7430E-03   1.7430E-03
1.2042E+02   4.0570E-02   2.4217E-03   2.4217E-03   1.7790E-03   1.7790E-03
1.2990E+02   3.5400E-02   2.2660E-03   2.2660E-03   1.7360E-03   1.7360E-03
1.4087E+02   3.8680E-02   2.4486E-03   2.4486E-03   1.8370E-03   1.8370E-03
1.5336E+02   3.4540E-02   2.3951E-03   2.3951E-03   1.8870E-03   1.8870E-03
1.6733E+02   3.7150E-02   2.6086E-03   2.6086E-03   2.0430E-03   2.0430E-03
1.8330E+02   3.0590E-02   2.3809E-03   2.3809E-03   1.9470E-03   1.9470E-03
2.0128E+02   2.8590E-02   2.3896E-03   2.3896E-03   1.9930E-03   1.9930E-03
2.2173E+02   3.4440E-02   2.8659E-03   2.8659E-03   2.3500E-03   2.3500E-03
2.4566E+02   3.2040E-02   2.8670E-03   2.8670E-03   2.3890E-03   2.3890E-03
2.7453E+02   3.1490E-02   2.9554E-03   2.9554E-03   2.4650E-03   2.4650E-03
3.0989E+02   2.8050E-02   2.9129E-03   2.9129E-03   2.4760E-03   2.4760E-03
3.5365E+02   2.5160E-02   2.8695E-03   2.8695E-03   2.4630E-03   2.4630E-03
4.0883E+02   2.9110E-02   3.4235E-03   3.4235E-03   2.8770E-03   2.8770E-03
4.8117E+02   2.3420E-02   3.2291E-03   3.2291E-03   2.7620E-03   2.7620E-03
5.8864E+02   2.5800E-02   3.7357E-03   3.7357E-03   3.0320E-03   3.0320E-03
7.6210E+02   2.3060E-02   4.0033E-03   4.0033E-03   3.1080E-03   3.1080E-03
1.0696E+03   1.8530E-02   4.2466E-03   4.2466E-03   3.0650E-03   3.0650E-03
2.0712E+03   1.0420E-02   5.5989E-03   5.5989E-03   5.3360E-03   5.3360E-03
