data size :  66
2.2716E+00   3.0710E-01   2.0554E-02   2.0554E-02
2.5314E+00   3.2610E-01   1.9546E-02   1.9546E-02
2.8160E+00   3.3220E-01   1.7988E-02   1.7988E-02
3.1259E+00   3.3520E-01   1.6514E-02   1.6514E-02
3.4606E+00   3.4000E-01   1.5372E-02   1.5372E-02
3.8253E+00   3.4300E-01   1.4355E-02   1.4355E-02
4.2200E+00   3.4420E-01   1.3466E-02   1.3466E-02
4.6496E+00   3.3810E-01   1.2471E-02   1.2471E-02
5.1191E+00   3.3800E-01   1.1857E-02   1.1857E-02
5.6288E+00   3.3200E-01   1.1178E-02   1.1178E-02
6.1784E+00   3.2630E-01   1.0629E-02   1.0629E-02
6.7729E+00   3.2120E-01   1.0188E-02   1.0188E-02
7.4174E+00   3.1460E-01   9.7745E-03   9.7745E-03
8.1120E+00   3.0710E-01   9.3849E-03   9.3849E-03
8.8614E+00   3.0100E-01   9.0783E-03   9.0783E-03
9.6709E+00   2.9400E-01   8.7805E-03   8.7805E-03
1.0540E+01   2.9020E-01   8.6034E-03   8.6034E-03
1.1489E+01   2.8070E-01   8.2749E-03   8.2749E-03
1.2490E+01   2.7450E-01   8.0697E-03   8.0697E-03
1.3539E+01   2.6640E-01   7.8165E-03   7.8165E-03
1.4688E+01   2.6180E-01   7.6744E-03   7.6744E-03
1.5937E+01   2.5450E-01   7.4657E-03   7.4657E-03
1.7286E+01   2.4430E-01   7.1799E-03   7.1799E-03
1.8735E+01   2.4090E-01   7.0956E-03   7.0956E-03
2.0284E+01   2.3250E-01   6.8740E-03   6.8740E-03
2.1934E+01   2.2550E-01   6.6935E-03   6.6935E-03
2.3731E+01   2.1780E-01   6.4889E-03   6.4889E-03
2.5681E+01   2.1320E-01   6.3908E-03   6.3908E-03
2.7730E+01   2.1000E-01   6.3353E-03   6.3353E-03
2.9928E+01   1.9750E-01   6.0049E-03   6.0049E-03
3.2278E+01   1.9070E-01   5.8605E-03   5.8605E-03
3.4776E+01   1.8790E-01   5.8304E-03   5.8304E-03
3.7474E+01   1.8100E-01   5.6826E-03   5.6826E-03
4.0372E+01   1.7320E-01   5.5149E-03   5.5149E-03
4.3471E+01   1.6940E-01   5.4713E-03   5.4713E-03
4.6769E+01   1.6780E-01   5.4987E-03   5.4987E-03
5.0316E+01   1.5670E-01   5.2197E-03   5.2197E-03
5.4115E+01   1.5390E-01   5.2188E-03   5.2188E-03
5.8162E+01   1.5040E-01   5.1970E-03   5.1970E-03
6.2510E+01   1.4390E-01   5.0781E-03   5.0781E-03
6.7205E+01   1.3900E-01   5.0065E-03   5.0065E-03
7.2253E+01   1.3730E-01   5.0650E-03   5.0650E-03
7.7650E+01   1.3480E-01   5.0856E-03   5.0856E-03
8.3446E+01   1.2980E-01   5.0257E-03   5.0257E-03
8.9691E+01   1.3060E-01   5.1828E-03   5.1828E-03
9.6437E+01   1.2310E-01   5.0551E-03   5.0551E-03
1.0392E+02   1.1680E-01   4.9214E-03   4.9214E-03
1.1193E+02   1.1080E-01   4.9053E-03   4.9053E-03
1.2042E+02   1.1590E-01   5.2211E-03   5.2211E-03
1.2990E+02   1.0570E-01   4.9795E-03   4.9795E-03
1.4087E+02   1.0210E-01   4.9169E-03   4.9169E-03
1.5336E+02   9.6440E-02   4.9348E-03   4.9348E-03
1.6733E+02   9.8080E-02   5.1656E-03   5.1656E-03
1.8330E+02   9.9570E-02   5.4398E-03   5.4398E-03
2.0128E+02   9.1000E-02   5.3012E-03   5.3012E-03
2.2173E+02   9.0840E-02   5.5765E-03   5.5765E-03
2.4566E+02   9.0170E-02   5.8149E-03   5.8149E-03
2.7453E+02   7.8270E-02   5.4586E-03   5.4586E-03
3.0989E+02   8.3490E-02   6.0838E-03   6.0838E-03
3.5365E+02   7.2540E-02   5.8008E-03   5.8008E-03
4.0883E+02   7.3140E-02   6.3178E-03   6.3178E-03
4.8117E+02   7.3550E-02   6.8909E-03   6.8909E-03
5.8864E+02   7.7110E-02   7.7857E-03   7.7857E-03
7.6210E+02   6.4500E-02   7.8065E-03   7.8065E-03
1.0696E+03   6.5480E-02   9.6415E-03   9.6415E-03
2.0712E+03   3.9250E-02   1.2018E-02   1.2018E-02
