data size :  68
2.0291E+00   1.4340E+00   6.9732E-02   6.9732E-02
2.2688E+00   1.4430E+00   5.8536E-02   5.8536E-02
2.5285E+00   1.3920E+00   5.3006E-02   5.3006E-02
2.8128E+00   1.2750E+00   4.6561E-02   4.6561E-02
3.1226E+00   1.1250E+00   3.9746E-02   3.9746E-02
3.4570E+00   9.8260E-01   3.3823E-02   3.3823E-02
3.8215E+00   8.4800E-01   2.8614E-02   2.8614E-02
4.2160E+00   7.3380E-01   2.4385E-02   2.4385E-02
4.6452E+00   6.2860E-01   2.0644E-02   2.0644E-02
5.1145E+00   5.3600E-01   1.7458E-02   1.7458E-02
5.6238E+00   4.5050E-01   1.4585E-02   1.4585E-02
6.1732E+00   3.7740E-01   1.2169E-02   1.2169E-02
6.7672E+00   3.1420E-01   1.0108E-02   1.0108E-02
7.4114E+00   2.5900E-01   8.3191E-03   8.3191E-03
8.1056E+00   2.1390E-01   6.8689E-03   6.8689E-03
8.8546E+00   1.7520E-01   5.6274E-03   5.6274E-03
9.6636E+00   1.4310E-01   4.5990E-03   4.5990E-03
1.0533E+01   1.1680E-01   3.7551E-03   3.7551E-03
1.1480E+01   9.4840E-02   3.0530E-03   3.0530E-03
1.2482E+01   7.7700E-02   2.5054E-03   2.5054E-03
1.3530E+01   6.3770E-02   2.0589E-03   2.0589E-03
1.4678E+01   5.2110E-02   1.6850E-03   1.6850E-03
1.5926E+01   4.2730E-02   1.3842E-03   1.3842E-03
1.7275E+01   3.4790E-02   1.1297E-03   1.1297E-03
1.8723E+01   2.8480E-02   9.2707E-04   9.2707E-04
2.0272E+01   2.3440E-02   7.6484E-04   7.6484E-04
2.1920E+01   1.9150E-02   6.2663E-04   6.2663E-04
2.3716E+01   1.5640E-02   5.1308E-04   5.1308E-04
2.5665E+01   1.2730E-02   4.1926E-04   4.1926E-04
2.7714E+01   1.0410E-02   3.4383E-04   3.4383E-04
2.9910E+01   8.5100E-03   2.8215E-04   2.8215E-04
3.2260E+01   6.9810E-03   2.3237E-04   2.3237E-04
3.4756E+01   5.7440E-03   1.9198E-04   1.9198E-04
3.7453E+01   4.7160E-03   1.5823E-04   1.5823E-04
4.0350E+01   3.8860E-03   1.3093E-04   1.3093E-04
4.3447E+01   3.1560E-03   1.0681E-04   1.0681E-04
4.6744E+01   2.5910E-03   8.8108E-05   8.8108E-05
5.0289E+01   2.1670E-03   7.4006E-05   7.4006E-05
5.4087E+01   1.7650E-03   6.0575E-05   6.0575E-05
5.8132E+01   1.4580E-03   5.0278E-05   5.0278E-05
6.2477E+01   1.1950E-03   4.1407E-05   4.1407E-05
6.7170E+01   9.7260E-04   3.3882E-05   3.3882E-05
7.2216E+01   8.0030E-04   2.8030E-05   2.8030E-05
7.7609E+01   6.6310E-04   2.3349E-05   2.3349E-05
8.3403E+01   5.3910E-04   1.9092E-05   1.9092E-05
8.9644E+01   4.4780E-04   1.5944E-05   1.5944E-05
9.6386E+01   3.6290E-04   1.3002E-05   1.3002E-05
1.0386E+02   2.9890E-04   1.0755E-05   1.0755E-05
1.1187E+02   2.4120E-04   8.7565E-06   8.7565E-06
1.2035E+02   2.0050E-04   7.3175E-06   7.3175E-06
1.2983E+02   1.6020E-04   5.8880E-06   5.8880E-06
1.4077E+02   1.2870E-04   4.7532E-06   4.7532E-06
1.5325E+02   1.0030E-04   3.7439E-06   3.7439E-06
1.6720E+02   7.9640E-05   2.9995E-06   2.9995E-06
1.8315E+02   6.2600E-05   2.3858E-06   2.3858E-06
2.0110E+02   4.7630E-05   1.8452E-06   1.8452E-06
2.2151E+02   3.7490E-05   1.4746E-06   1.4746E-06
2.4538E+02   2.8660E-05   1.1494E-06   1.1494E-06
2.7416E+02   2.1770E-05   8.9268E-07   8.9268E-07
3.0940E+02   1.5360E-05   6.5245E-07   6.5245E-07
3.5298E+02   1.1090E-05   4.9179E-07   4.9179E-07
4.0789E+02   7.1460E-06   3.3886E-07   3.3886E-07
4.7971E+02   4.8860E-06   2.5136E-07   2.5136E-07
5.7863E+02   2.9510E-06   1.7137E-07   1.7137E-07
7.2265E+02   1.6230E-06   1.1117E-07   1.1117E-07
9.5409E+02   7.5580E-07   6.4542E-08   6.4542E-08
1.3958E+03   2.7830E-07   3.0195E-08   3.0195E-08
2.2644E+03   8.6600E-08   1.3553E-08   1.3553E-08
