data size :  18
2.1867E+00   2.0100E+00   1.0440E-01   1.0440E-01
2.5832E+00   1.7300E+00   8.2462E-02   8.2462E-02
3.0730E+00   1.4130E+00   7.0093E-02   7.0093E-02
3.6861E+00   1.0930E+00   5.4571E-02   5.4571E-02
4.4571E+00   7.4400E-01   3.7108E-02   3.7108E-02
5.4427E+00   5.0000E-01   2.4739E-02   2.4739E-02
6.7111E+00   3.2300E-01   1.6492E-02   1.6492E-02
8.3376E+00   1.9500E-01   1.0440E-02   1.0440E-02
1.0453E+01   1.1430E-01   6.0729E-03   6.0729E-03
1.3228E+01   6.4900E-02   3.4785E-03   3.4785E-03
1.6828E+01   3.6400E-02   2.0248E-03   2.0248E-03
2.1499E+01   1.8200E-02   1.0770E-03   1.0770E-03
2.7606E+01   9.1000E-03   5.8310E-04   5.8310E-04
3.5611E+01   4.5100E-03   2.8844E-04   2.8844E-04
4.6146E+01   2.3200E-03   1.6401E-04   1.6401E-04
6.6946E+01   8.4000E-04   5.0000E-05   5.0000E-05
1.1343E+02   1.9200E-04   1.6125E-05   1.6125E-05
1.9319E+02   4.3000E-05   4.4721E-06   4.4721E-06
