data size :  67
2.2716E+00   1.0420E+00   3.7302E-02   3.7302E-02
2.5314E+00   1.0750E+00   3.5072E-02   3.5072E-02
2.8160E+00   1.0760E+00   3.2885E-02   3.2885E-02
3.1259E+00   1.0560E+00   3.0639E-02   3.0639E-02
3.4606E+00   1.0490E+00   2.9221E-02   2.9221E-02
3.8253E+00   1.0410E+00   2.8121E-02   2.8121E-02
4.2200E+00   1.0480E+00   2.7683E-02   2.7683E-02
4.6496E+00   1.0500E+00   2.7282E-02   2.7282E-02
5.1191E+00   1.0560E+00   2.7144E-02   2.7144E-02
5.6288E+00   1.0560E+00   2.6949E-02   2.6949E-02
6.1784E+00   1.0570E+00   2.6904E-02   2.6904E-02
6.7729E+00   1.0590E+00   2.6966E-02   2.6966E-02
7.4174E+00   1.0570E+00   2.6937E-02   2.6937E-02
8.1120E+00   1.0530E+00   2.6893E-02   2.6893E-02
8.8614E+00   1.0450E+00   2.6735E-02   2.6735E-02
9.6709E+00   1.0370E+00   2.6620E-02   2.6620E-02
1.0540E+01   1.0320E+00   2.6590E-02   2.6590E-02
1.1489E+01   1.0210E+00   2.6415E-02   2.6415E-02
1.2490E+01   1.0130E+00   2.6316E-02   2.6316E-02
1.3539E+01   1.0060E+00   2.6253E-02   2.6253E-02
1.4688E+01   1.0060E+00   2.6374E-02   2.6374E-02
1.5937E+01   9.9640E-01   2.6259E-02   2.6259E-02
1.7286E+01   9.8900E-01   2.6212E-02   2.6212E-02
1.8735E+01   9.8360E-01   2.6230E-02   2.6230E-02
2.0284E+01   9.8430E-01   2.6425E-02   2.6425E-02
2.1934E+01   9.7970E-01   2.6475E-02   2.6475E-02
2.3731E+01   9.6940E-01   2.6377E-02   2.6377E-02
2.5681E+01   9.6570E-01   2.6488E-02   2.6488E-02
2.7730E+01   9.6230E-01   2.6622E-02   2.6622E-02
2.9928E+01   9.5340E-01   2.6600E-02   2.6600E-02
3.2278E+01   9.4800E-01   2.6715E-02   2.6715E-02
3.4776E+01   9.4660E-01   2.6940E-02   2.6940E-02
3.7474E+01   9.4490E-01   2.7183E-02   2.7183E-02
4.0372E+01   9.5250E-01   2.7714E-02   2.7714E-02
4.3471E+01   9.3550E-01   2.7543E-02   2.7543E-02
4.6769E+01   9.3090E-01   2.7755E-02   2.7755E-02
5.0316E+01   9.3630E-01   2.8258E-02   2.8258E-02
5.4115E+01   9.2460E-01   2.8288E-02   2.8288E-02
5.8162E+01   9.3610E-01   2.9024E-02   2.9024E-02
6.2510E+01   9.2580E-01   2.9099E-02   2.9099E-02
6.7205E+01   9.1430E-01   2.9141E-02   2.9141E-02
7.2253E+01   9.2940E-01   3.0088E-02   3.0088E-02
7.7650E+01   9.2610E-01   3.0417E-02   3.0417E-02
8.3446E+01   9.0860E-01   3.0311E-02   3.0311E-02
8.9691E+01   9.2860E-01   3.1469E-02   3.1469E-02
9.6437E+01   9.2060E-01   3.1724E-02   3.1724E-02
1.0392E+02   9.2220E-01   3.2214E-02   3.2214E-02
1.1193E+02   9.0130E-01   3.2185E-02   3.2185E-02
1.2042E+02   9.1890E-01   3.3310E-02   3.3310E-02
1.2990E+02   8.9940E-01   3.3185E-02   3.3185E-02
1.4087E+02   8.8800E-01   3.3208E-02   3.3208E-02
1.5336E+02   8.9410E-01   3.4285E-02   3.4285E-02
1.6733E+02   8.9440E-01   3.4980E-02   3.4980E-02
1.8330E+02   8.8970E-01   3.5613E-02   3.5613E-02
2.0128E+02   8.5350E-01   3.5112E-02   3.5112E-02
2.2173E+02   8.9490E-01   3.7840E-02   3.7840E-02
2.4566E+02   9.0420E-01   3.9346E-02   3.9346E-02
2.7453E+02   9.1860E-01   4.1113E-02   4.1113E-02
3.0989E+02   9.0110E-01   4.1966E-02   4.1966E-02
3.5365E+02   9.0680E-01   4.3973E-02   4.3973E-02
4.0883E+02   8.6890E-01   4.4660E-02   4.4660E-02
4.8117E+02   9.2960E-01   5.0692E-02   5.0692E-02
5.8101E+02   9.4520E-01   5.5993E-02   5.5993E-02
7.2701E+02   9.2740E-01   6.1027E-02   6.1027E-02
9.6377E+02   8.7130E-01   6.6246E-02   6.6246E-02
1.4262E+03   8.4490E-01   1.0210E-01   1.0210E-01
2.3238E+03   8.9650E-01   1.4290E-01   1.4290E-01
