#Source: SSDC
#Ref: 10.1016/j.physrep.2020.09.003 (2021PhR...894....1A)
#Experiment: AMS-02
#Quantity: H
#Units: rigidity(original)
#Url: https://tools.ssdc.asi.it/CosmicRays/
#Comments: 
1.07634e+00 8.24700e+02 1.25064e+01 1.25064e+01 4.00000e-01 4.00000e-01 
1.24142e+00 7.98600e+02 1.05043e+01 1.05043e+01 3.00000e-01 3.00000e-01 
1.41648e+00 7.60100e+02 9.00222e+00 9.00222e+00 2.00000e-01 2.00000e-01 
1.60617e+00 7.05500e+02 8.00250e+00 8.00250e+00 2.00000e-01 2.00000e-01 
1.81125e+00 6.39800e+02 7.10070e+00 7.10070e+00 1.00000e-01 1.00000e-01 
2.03099e+00 5.67200e+02 6.20081e+00 6.20081e+00 1.00000e-01 1.00000e-01 
2.27076e+00 4.93300e+02 5.40093e+00 5.40093e+00 1.00000e-01 1.00000e-01 
2.53056e+00 4.24800e+02 4.60109e+00 4.60109e+00 1.00000e-01 1.00000e-01 
2.81508e+00 3.61900e+02 4.00125e+00 4.00125e+00 1.00000e-01 1.00000e-01 
3.12495e+00 3.06200e+02 3.30151e+00 3.30151e+00 1.00000e-01 1.00000e-01 
3.45955e+00 2.57100e+02 2.80000e+00 2.80000e+00 0.00000e+00 0.00000e+00 
3.82418e+00 2.14500e+02 2.30000e+00 2.30000e+00 0.00000e+00 0.00000e+00 
4.21886e+00 1.77900e+02 1.90000e+00 1.90000e+00 0.00000e+00 0.00000e+00 
4.64829e+00 1.46500e+02 1.60000e+00 1.60000e+00 0.00000e+00 0.00000e+00 
5.11777e+00 1.19700e+02 1.30000e+00 1.30000e+00 0.00000e+00 0.00000e+00 
5.62731e+00 9.72900e+01 1.04019e+00 1.04019e+00 2.00000e-02 2.00000e-02 
6.17690e+00 7.88300e+01 8.40060e-01 8.40060e-01 1.00000e-02 1.00000e-02 
6.77126e+00 6.37100e+01 6.70075e-01 6.70075e-01 1.00000e-02 1.00000e-02 
7.41568e+00 5.13800e+01 5.40093e-01 5.40093e-01 1.00000e-02 1.00000e-02 
8.11015e+00 4.13900e+01 4.30116e-01 4.30116e-01 1.00000e-02 1.00000e-02 
8.85942e+00 3.33100e+01 3.40147e-01 3.40147e-01 1.00000e-02 1.00000e-02 
9.66876e+00 2.67900e+01 2.70000e-01 2.70000e-01 0.00000e+00 0.00000e+00 
1.05382e+01 2.15500e+01 2.10000e-01 2.10000e-01 0.00000e+00 0.00000e+00 
1.14866e+01 1.73100e+01 1.70000e-01 1.70000e-01 0.00000e+00 0.00000e+00 
1.24877e+01 1.39500e+01 1.40000e-01 1.40000e-01 0.00000e+00 0.00000e+00 
1.35362e+01 1.13200e+01 1.10000e-01 1.10000e-01 0.00000e+00 0.00000e+00 
1.46849e+01 9.14100e+00 8.60233e-02 8.60233e-02 2.00000e-03 2.00000e-03 
1.59337e+01 7.36300e+00 6.80294e-02 6.80294e-02 2.00000e-03 2.00000e-03 
1.72825e+01 5.92900e+00 5.40093e-02 5.40093e-02 1.00000e-03 1.00000e-03 
1.87315e+01 4.77400e+00 4.20119e-02 4.20119e-02 1.00000e-03 1.00000e-03 
2.02806e+01 3.85000e+00 3.40147e-02 3.40147e-02 1.00000e-03 1.00000e-03 
2.19297e+01 3.11000e+00 2.80179e-02 2.80179e-02 1.00000e-03 1.00000e-03 
2.37266e+01 2.50600e+00 2.30217e-02 2.30217e-02 1.00000e-03 1.00000e-03 
2.56760e+01 2.01300e+00 1.80278e-02 1.80278e-02 1.00000e-03 1.00000e-03 
2.77255e+01 1.62800e+00 1.50000e-02 1.50000e-02 0.00000e+00 0.00000e+00 
2.99228e+01 1.31600e+00 1.20000e-02 1.20000e-02 0.00000e+00 0.00000e+00 
3.22725e+01 1.06600e+00 1.00000e-02 1.00000e-02 0.00000e+00 0.00000e+00 
3.47700e+01 8.64900e-01 8.20549e-03 8.20549e-03 3.00000e-04 3.00000e-04 
3.74678e+01 7.01800e-01 6.80661e-03 6.80661e-03 3.00000e-04 3.00000e-04 
4.03656e+01 5.70200e-01 5.60357e-03 5.60357e-03 2.00000e-04 2.00000e-04 
4.34637e+01 4.63700e-01 4.60435e-03 4.60435e-03 2.00000e-04 2.00000e-04 
4.67619e+01 3.77500e-01 3.80526e-03 3.80526e-03 2.00000e-04 2.00000e-04 
5.03081e+01 3.07400e-01 3.10644e-03 3.10644e-03 2.00000e-04 2.00000e-04 
5.41067e+01 2.50800e-01 2.60192e-03 2.60192e-03 1.00000e-04 1.00000e-04 
5.81533e+01 2.04800e-01 2.10238e-03 2.10238e-03 1.00000e-04 1.00000e-04 
6.25001e+01 1.67400e-01 1.80278e-03 1.80278e-03 1.00000e-04 1.00000e-04 
6.71949e+01 1.36900e-01 1.50333e-03 1.50333e-03 1.00000e-04 1.00000e-04 
7.22423e+01 1.11600e-01 1.20416e-03 1.20416e-03 1.00000e-04 1.00000e-04 
7.76378e+01 9.12400e-02 1.01242e-03 1.01242e-03 7.00000e-05 7.00000e-05 
8.34335e+01 7.44500e-02 8.42140e-04 8.42140e-04 6.00000e-05 6.00000e-05 
8.96774e+01 6.06700e-02 6.91809e-04 6.91809e-04 5.00000e-05 5.00000e-05 
9.64217e+01 4.95100e-02 5.82151e-04 5.82151e-04 5.00000e-05 5.00000e-05 
1.03905e+02 4.00900e-02 4.81664e-04 4.81664e-04 4.00000e-05 4.00000e-05 
1.11912e+02 3.25300e-02 3.91152e-04 3.91152e-04 3.00000e-05 3.00000e-05 
1.20396e+02 2.64700e-02 3.31361e-04 3.31361e-04 3.00000e-05 3.00000e-05 
1.29881e+02 2.13700e-02 2.71662e-04 2.71662e-04 3.00000e-05 3.00000e-05 
1.40842e+02 1.70200e-02 2.20907e-04 2.20907e-04 2.00000e-05 2.00000e-05 
1.53330e+02 1.34100e-02 1.81108e-04 1.81108e-04 2.00000e-05 2.00000e-05 
1.67293e+02 1.05200e-02 1.50333e-04 1.50333e-04 1.00000e-05 1.00000e-05 
1.83257e+02 8.16600e-03 1.18609e-04 1.18609e-04 1.20000e-05 1.20000e-05 
2.01224e+02 6.26900e-03 9.55249e-05 9.55249e-05 1.00000e-05 1.00000e-05 
2.21664e+02 4.79000e-03 7.64199e-05 7.64199e-05 8.00000e-06 8.00000e-06 
2.45576e+02 3.62700e-03 6.12944e-05 6.12944e-05 6.00000e-06 6.00000e-06 
2.74426e+02 2.67400e-03 4.82597e-05 4.82597e-05 5.00000e-06 5.00000e-06 
3.09744e+02 1.91400e-03 3.72156e-05 3.72156e-05 4.00000e-06 4.00000e-06 
3.53455e+02 1.34300e-03 2.81603e-05 2.81603e-05 3.00000e-06 3.00000e-06 
4.08553e+02 8.95700e-04 2.08959e-05 2.08959e-05 2.00000e-06 2.00000e-06 
4.80744e+02 5.75200e-04 1.49656e-05 1.49656e-05 1.40000e-06 1.40000e-06 
5.80317e+02 3.43200e-04 1.00404e-05 1.00404e-05 9.00000e-07 9.00000e-07 
7.25736e+02 1.90500e-04 6.32851e-06 6.32851e-06 6.00000e-07 6.00000e-07 
9.60941e+02 9.06800e-05 3.52196e-06 3.52196e-06 2.90000e-07 2.90000e-07 
1.41726e+03 3.26000e-05 1.60449e-06 1.60449e-06 1.20000e-07 1.20000e-07 
