data size :  72
1.0747E+00   6.2690E+02   3.7641E+01   3.7641E+01
1.2398E+00   6.6250E+02   3.1795E+01   3.1795E+01
1.4149E+00   6.4320E+02   2.4960E+01   2.4960E+01
1.6044E+00   6.0590E+02   2.1309E+01   2.1309E+01
1.8095E+00   5.5440E+02   1.7738E+01   1.7738E+01
2.0291E+00   4.9930E+02   1.4670E+01   1.4670E+01
2.2688E+00   4.4200E+02   1.2007E+01   1.2007E+01
2.5285E+00   3.8780E+02   9.8122E+00   9.8122E+00
2.8128E+00   3.3590E+02   7.8930E+00   7.8930E+00
3.1226E+00   2.8820E+02   6.4637E+00   6.4637E+00
3.4570E+00   2.4530E+02   5.2221E+00   5.2221E+00
3.8215E+00   2.0680E+02   4.2626E+00   4.2626E+00
4.2160E+00   1.7310E+02   3.5043E+00   3.5043E+00
4.6452E+00   1.4380E+02   2.8443E+00   2.8443E+00
5.1145E+00   1.1840E+02   2.2561E+00   2.2561E+00
5.6238E+00   9.6910E+01   1.8338E+00   1.8338E+00
6.1732E+00   7.9030E+01   1.4683E+00   1.4683E+00
6.7672E+00   6.4200E+01   1.1758E+00   1.1758E+00
7.4114E+00   5.1970E+01   9.4499E-01   9.4499E-01
8.1056E+00   4.2000E+01   7.6171E-01   7.6171E-01
8.8546E+00   3.3860E+01   6.0778E-01   6.0778E-01
9.6636E+00   2.7240E+01   4.8198E-01   4.8198E-01
1.0533E+01   2.1900E+01   3.9217E-01   3.9217E-01
1.1480E+01   1.7580E+01   3.1193E-01   3.1193E-01
1.2482E+01   1.4170E+01   2.5298E-01   2.5298E-01
1.3530E+01   1.1480E+01   2.1048E-01   2.1048E-01
1.4678E+01   9.2660E+00   1.6678E-01   1.6678E-01
1.5926E+01   7.4600E+00   1.3416E-01   1.3416E-01
1.7275E+01   5.9950E+00   1.0839E-01   1.0839E-01
1.8723E+01   4.8320E+00   8.7624E-02   8.7624E-02
2.0272E+01   3.8940E+00   7.0831E-02   7.0831E-02
2.1920E+01   3.1510E+00   5.7619E-02   5.7619E-02
2.3716E+01   2.5380E+00   4.6260E-02   4.6260E-02
2.5665E+01   2.0400E+00   3.7081E-02   3.7081E-02
2.7714E+01   1.6500E+00   2.9749E-02   2.9749E-02
2.9910E+01   1.3350E+00   2.4310E-02   2.4310E-02
3.2260E+01   1.0820E+00   2.0075E-02   2.0075E-02
3.4756E+01   8.7910E-01   1.6219E-02   1.6219E-02
3.7453E+01   7.1320E-01   1.3174E-02   1.3174E-02
4.0350E+01   5.7930E-01   1.0748E-02   1.0748E-02
4.3447E+01   4.7160E-01   8.7641E-03   8.7641E-03
4.6744E+01   3.8390E-01   7.1854E-03   7.1854E-03
5.0289E+01   3.1280E-01   5.9042E-03   5.9042E-03
5.4087E+01   2.5490E-01   4.8229E-03   4.8229E-03
5.8132E+01   2.0800E-01   3.9472E-03   3.9472E-03
6.2477E+01   1.7010E-01   3.2388E-03   3.2388E-03
6.7170E+01   1.3930E-01   2.6533E-03   2.6533E-03
7.2216E+01   1.1320E-01   2.1354E-03   2.1354E-03
7.7609E+01   9.2630E-02   1.7920E-03   1.7920E-03
8.3403E+01   7.5300E-02   1.4689E-03   1.4689E-03
8.9644E+01   6.1460E-02   1.2036E-03   1.2036E-03
9.6386E+01   5.0260E-02   9.9106E-04   9.9106E-04
1.0386E+02   4.0850E-02   8.1988E-04   8.1988E-04
1.1187E+02   3.2940E-02   6.6746E-04   6.6746E-04
1.2035E+02   2.6980E-02   5.5417E-04   5.5417E-04
1.2983E+02   2.1740E-02   4.5420E-04   4.5420E-04
1.4077E+02   1.7270E-02   3.7323E-04   3.7323E-04
1.5325E+02   1.3580E-02   2.9933E-04   2.9933E-04
1.6720E+02   1.0650E-02   2.3833E-04   2.3833E-04
1.8315E+02   8.2120E-03   1.8844E-04   1.8844E-04
2.0110E+02   6.2990E-03   1.4783E-04   1.4783E-04
2.2151E+02   4.7930E-03   1.1766E-04   1.1766E-04
2.4538E+02   3.6050E-03   9.1929E-05   9.1929E-05
2.7416E+02   2.6470E-03   6.9275E-05   6.9275E-05
3.0940E+02   1.8840E-03   5.2412E-05   5.2412E-05
3.5298E+02   1.2880E-03   3.8613E-05   3.8613E-05
4.0789E+02   8.6950E-04   2.7647E-05   2.7647E-05
4.7971E+02   5.5450E-04   1.9078E-05   1.9078E-05
5.7863E+02   3.3570E-04   1.3006E-05   1.3006E-05
7.2265E+02   1.8600E-04   8.4309E-06   8.4309E-06
9.5409E+02   8.5710E-05   4.9953E-06   4.9953E-06
1.3958E+03   2.9330E-05   2.4240E-06   2.4240E-06
