data size :  80
1.0144E+00   1.1610E+03   4.0050E+01   4.0050E+01
1.0645E+00   1.1610E+03   4.0050E+01   4.0050E+01
1.1145E+00   1.1670E+03   4.0050E+01   4.0050E+01
1.1645E+00   1.1560E+03   4.0050E+01   4.0050E+01
1.2193E+00   1.1440E+03   4.0050E+01   4.0050E+01
1.2794E+00   1.1300E+03   4.0050E+01   4.0050E+01
1.3394E+00   1.1040E+03   4.0050E+01   4.0050E+01
1.3994E+00   1.0740E+03   4.0050E+01   4.0050E+01
1.4642E+00   1.0380E+03   4.0050E+01   4.0050E+01
1.5343E+00   9.9900E+02   4.0012E+01   4.0012E+01
1.6043E+00   9.6100E+02   4.0012E+01   4.0012E+01
1.6791E+00   9.1900E+02   4.0012E+01   4.0012E+01
1.7592E+00   8.7900E+02   3.0017E+01   3.0017E+01
1.8440E+00   8.3200E+02   3.0017E+01   3.0017E+01
1.9341E+00   7.8300E+02   3.0017E+01   3.0017E+01
2.0241E+00   7.3800E+02   3.0017E+01   3.0017E+01
2.1189E+00   6.9290E+02   3.0013E+01   3.0013E+01
2.2190E+00   6.4720E+02   2.0020E+01   2.0020E+01
2.3238E+00   6.0510E+02   2.0016E+01   2.0016E+01
2.4339E+00   5.6150E+02   2.0016E+01   2.0016E+01
2.5487E+00   5.2130E+02   2.0012E+01   2.0012E+01
2.6688E+00   4.8110E+02   2.0012E+01   2.0012E+01
2.7936E+00   4.4740E+02   2.0009E+01   2.0009E+01
2.9237E+00   4.1350E+02   2.0009E+01   2.0009E+01
3.0586E+00   3.7910E+02   1.0012E+01   1.0012E+01
3.2034E+00   3.4780E+02   1.0012E+01   1.0012E+01
3.3583E+00   3.1930E+02   1.0012E+01   1.0012E+01
3.5184E+00   2.9290E+02   1.0008E+01   1.0008E+01
3.6832E+00   2.6750E+02   1.0008E+01   1.0008E+01
3.8581E+00   2.4310E+02   9.0089E+00   9.0089E+00
4.0382E+00   2.2110E+02   8.0056E+00   8.0056E+00
4.2279E+00   2.0090E+02   8.0056E+00   8.0056E+00
4.4280E+00   1.8320E+02   7.0064E+00   7.0064E+00
4.7408E+00   1.5770E+02   6.0033E+00   6.0033E+00
5.2000E+00   1.2810E+02   5.0040E+00   5.0040E+00
5.6993E+00   1.0390E+02   4.0012E+00   4.0012E+00
6.2479E+00   8.3900E+01   3.0017E+00   3.0017E+00
6.8520E+00   6.7350E+01   3.0013E+00   3.0013E+00
7.5108E+00   5.4060E+01   2.0016E+00   2.0016E+00
8.2342E+00   4.3050E+01   2.0012E+00   2.0012E+00
9.0279E+00   3.4220E+01   1.0018E+00   1.0018E+00
9.9008E+00   2.7160E+01   1.0012E+00   1.0012E+00
1.0859E+01   2.1530E+01   8.0100E-01   8.0100E-01
1.1907E+01   1.6950E+01   6.0075E-01   6.0075E-01
1.3055E+01   1.3320E+01   5.0090E-01   5.0090E-01
1.4313E+01   1.0480E+01   4.0050E-01   4.0050E-01
1.5695E+01   8.2600E+00   3.0067E-01   3.0067E-01
1.7207E+01   6.4600E+00   2.0100E-01   2.0100E-01
1.8864E+01   5.0000E+00   2.0025E-01   2.0025E-01
2.0685E+01   3.9000E+00   2.0025E-01   2.0025E-01
2.2682E+01   3.0470E+00   1.0040E-01   1.0040E-01
2.4872E+01   2.3650E+00   9.0272E-02   9.0272E-02
2.7273E+01   1.8270E+00   7.0257E-02   7.0257E-02
2.9903E+01   1.4190E+00   5.0249E-02   5.0249E-02
3.2788E+01   1.1070E+00   4.0200E-02   4.0200E-02
3.5951E+01   8.4900E-01   3.0265E-02   3.0265E-02
3.9420E+01   6.5300E-01   3.0150E-02   3.0150E-02
4.3222E+01   5.0900E-01   2.0224E-02   2.0224E-02
4.7394E+01   3.9700E-01   2.0100E-02   2.0100E-02
5.1966E+01   3.0100E-01   1.0198E-02   1.0198E-02
5.6981E+01   2.3300E-01   9.2195E-03   9.2195E-03
6.2481E+01   1.7800E-01   7.0711E-03   7.0711E-03
6.8504E+01   1.4100E-01   5.0990E-03   5.0990E-03
7.5111E+01   1.1030E-01   4.1000E-03   4.1000E-03
8.2362E+01   8.3100E-02   3.1048E-03   3.1048E-03
9.0308E+01   6.3300E-02   3.0594E-03   3.0594E-03
1.0122E+02   4.5900E-02   2.0396E-03   2.0396E-03
1.1622E+02   3.1200E-02   1.0440E-03   1.0440E-03
1.3344E+02   2.0900E-02   8.5440E-04   8.5440E-04
1.5320E+02   1.4200E-02   6.3246E-04   6.3246E-04
1.7590E+02   9.5000E-03   4.4721E-04   4.4721E-04
2.0196E+02   6.4000E-03   3.1623E-04   3.1623E-04
2.3188E+02   4.1700E-03   2.1541E-04   2.1541E-04
2.6624E+02   2.9700E-03   1.2207E-04   1.2207E-04
3.0568E+02   2.0200E-03   1.0296E-04   1.0296E-04
3.5860E+02   1.3200E-03   6.7082E-05   6.7082E-05
4.4956E+02   6.8000E-04   4.4721E-05   4.4721E-05
5.8049E+02   3.8000E-04   3.6056E-05   3.6056E-05
7.4607E+02   1.9000E-04   2.2361E-05   2.2361E-05
1.0037E+03   8.1000E-05   1.2207E-05   1.2207E-05
