data size :  21
2.2716E+00   1.6680E-01   6.5192E-03   6.5192E-03   5.0000E-04   5.0000E-04
2.5314E+00   1.6090E-01   6.1814E-03   6.1814E-03   1.0000E-03   1.0000E-03
2.8160E+00   1.5940E-01   5.9841E-03   5.9841E-03   1.0000E-03   1.0000E-03
3.1259E+00   1.5650E-01   8.5475E-03   8.5475E-03   9.0000E-04   9.0000E-04
3.4606E+00   1.5260E-01   4.2953E-03   4.2953E-03   9.0000E-04   9.0000E-04
3.8253E+00   1.5010E-01   4.1976E-03   4.1976E-03   9.0000E-04   9.0000E-04
4.2200E+00   1.4580E-01   4.0792E-03   4.0792E-03   8.0000E-04   8.0000E-04
4.6496E+00   1.4250E-01   3.9812E-03   3.9812E-03   8.0000E-04   8.0000E-04
5.1191E+00   1.3490E-01   3.7656E-03   3.7656E-03   7.0000E-04   7.0000E-04
5.6288E+00   1.3300E-01   3.7656E-03   3.7656E-03   7.0000E-04   7.0000E-04
6.1784E+00   1.2910E-01   3.6674E-03   3.6674E-03   7.0000E-04   7.0000E-04
6.7729E+00   1.2710E-01   3.5903E-03   3.5903E-03   8.0000E-04   8.0000E-04
7.4174E+00   1.2320E-01   3.2140E-03   3.2140E-03   3.0000E-04   3.0000E-04
8.1120E+00   1.2040E-01   3.1145E-03   3.1145E-03   3.0000E-04   3.0000E-04
8.8614E+00   1.1700E-01   3.1145E-03   3.1145E-03   3.0000E-04   3.0000E-04
9.6709E+00   1.1450E-01   3.0150E-03   3.0150E-03   3.0000E-04   3.0000E-04
1.0540E+01   1.1080E-01   2.9155E-03   2.9155E-03   3.0000E-04   3.0000E-04
1.1489E+01   1.0810E-01   2.8160E-03   2.8160E-03   3.0000E-04   3.0000E-04
1.2490E+01   1.0590E-01   2.9275E-03   2.9275E-03   4.0000E-04   4.0000E-04
1.3539E+01   1.0230E-01   4.5177E-03   4.5177E-03   4.0000E-04   4.0000E-04
1.4688E+01   9.6890E-02   5.6322E-03   5.6322E-03   3.7000E-04   3.7000E-04
