#Source: SSDC
#Ref: 10.1016/j.physrep.2020.09.003 (2021PhR...894....1A)
#Experiment: AMS-02
#Quantity: He
#Units: rigidity(original)
#Url: https://tools.ssdc.asi.it/CosmicRays/
#Comments: 
2.03099e+00 6.94700e+01 1.58051e+00 1.58051e+00 4.00000e-02 4.00000e-02 
2.27076e+00 6.41100e+01 1.02078e+00 1.02078e+00 4.00000e-02 4.00000e-02 
2.53056e+00 5.75100e+01 8.10555e-01 8.10555e-01 3.00000e-02 3.00000e-02 
2.81508e+00 5.11200e+01 6.90652e-01 6.90652e-01 3.00000e-02 3.00000e-02 
3.12495e+00 4.49000e+01 6.00333e-01 6.00333e-01 2.00000e-02 2.00000e-02 
3.45955e+00 3.89000e+01 5.30377e-01 5.30377e-01 2.00000e-02 2.00000e-02 
3.82418e+00 3.32900e+01 4.60435e-01 4.60435e-01 2.00000e-02 2.00000e-02 
4.21886e+00 2.82200e+01 4.00125e-01 4.00125e-01 1.00000e-02 1.00000e-02 
4.64829e+00 2.36800e+01 3.30151e-01 3.30151e-01 1.00000e-02 1.00000e-02 
5.11777e+00 1.96800e+01 2.80179e-01 2.80179e-01 1.00000e-02 1.00000e-02 
5.62731e+00 1.62400e+01 2.30217e-01 2.30217e-01 1.00000e-02 1.00000e-02 
6.17690e+00 1.33400e+01 1.90263e-01 1.90263e-01 1.00000e-02 1.00000e-02 
6.77126e+00 1.09200e+01 1.50000e-01 1.50000e-01 0.00000e+00 0.00000e+00 
7.41568e+00 8.92000e+00 1.21066e-01 1.21066e-01 4.00000e-03 4.00000e-03 
8.11015e+00 7.27800e+00 9.70464e-02 9.70464e-02 3.00000e-03 3.00000e-03 
8.85942e+00 5.92700e+00 7.90569e-02 7.90569e-02 3.00000e-03 3.00000e-03 
9.66876e+00 4.82800e+00 6.40312e-02 6.40312e-02 2.00000e-03 2.00000e-03 
1.05382e+01 3.92700e+00 5.10392e-02 5.10392e-02 2.00000e-03 2.00000e-03 
1.14866e+01 3.18600e+00 4.20476e-02 4.20476e-02 2.00000e-03 2.00000e-03 
1.24877e+01 2.59700e+00 3.40147e-02 3.40147e-02 1.00000e-03 1.00000e-03 
1.35362e+01 2.12200e+00 2.80179e-02 2.80179e-02 1.00000e-03 1.00000e-03 
1.46849e+01 1.73000e+00 2.30217e-02 2.30217e-02 1.00000e-03 1.00000e-03 
1.59337e+01 1.40600e+00 1.80278e-02 1.80278e-02 1.00000e-03 1.00000e-03 
1.72825e+01 1.14100e+00 1.50333e-02 1.50333e-02 1.00000e-03 1.00000e-03 
1.87315e+01 9.26800e-01 1.22147e-02 1.22147e-02 6.00000e-04 6.00000e-04 
2.02806e+01 7.53000e-01 1.00125e-02 1.00125e-02 5.00000e-04 5.00000e-04 
2.19297e+01 6.13100e-01 8.10987e-03 8.10987e-03 4.00000e-04 4.00000e-04 
2.37266e+01 4.98600e-01 6.61211e-03 6.61211e-03 4.00000e-04 4.00000e-04 
2.56760e+01 4.04900e-01 5.40833e-03 5.40833e-03 3.00000e-04 3.00000e-04 
2.77255e+01 3.30200e-01 4.41022e-03 4.41022e-03 3.00000e-04 3.00000e-04 
2.99228e+01 2.69400e-01 3.60555e-03 3.60555e-03 2.00000e-04 2.00000e-04 
3.22725e+01 2.20100e-01 3.00666e-03 3.00666e-03 2.00000e-04 2.00000e-04 
3.47700e+01 1.80200e-01 2.40832e-03 2.40832e-03 2.00000e-04 2.00000e-04 
3.74678e+01 1.47500e-01 2.00250e-03 2.00250e-03 1.00000e-04 1.00000e-04 
4.03656e+01 1.20300e-01 1.60312e-03 1.60312e-03 1.00000e-04 1.00000e-04 
4.34637e+01 9.86100e-02 1.35447e-03 1.35447e-03 1.10000e-04 1.10000e-04 
4.67619e+01 8.09200e-02 1.11364e-03 1.11364e-03 9.00000e-05 9.00000e-05 
5.03081e+01 6.62700e-02 9.13510e-04 9.13510e-04 8.00000e-05 8.00000e-05 
5.41067e+01 5.44600e-02 7.53260e-04 7.53260e-04 7.00000e-05 7.00000e-05 
5.81533e+01 4.48100e-02 6.22896e-04 6.22896e-04 6.00000e-05 6.00000e-05 
6.25001e+01 3.68500e-02 5.12445e-04 5.12445e-04 5.00000e-05 5.00000e-05 
6.71949e+01 3.03600e-02 4.22966e-04 4.22966e-04 5.00000e-05 5.00000e-05 
7.22423e+01 2.49600e-02 3.52278e-04 3.52278e-04 4.00000e-05 4.00000e-05 
7.76378e+01 2.05100e-02 2.92746e-04 2.92746e-04 4.00000e-05 4.00000e-05 
8.34335e+01 1.68100e-02 2.41868e-04 2.41868e-04 3.00000e-05 3.00000e-05 
8.96774e+01 1.38700e-02 2.02237e-04 2.02237e-04 3.00000e-05 3.00000e-05 
9.64217e+01 1.14000e-02 1.61245e-04 1.61245e-04 2.00000e-05 2.00000e-05 
1.03905e+02 9.31100e-03 1.33507e-04 1.33507e-04 2.00000e-05 2.00000e-05 
1.11912e+02 7.59700e-03 1.09490e-04 1.09490e-04 1.80000e-05 1.80000e-05 
1.20396e+02 6.18600e-03 9.04268e-05 9.04268e-05 1.60000e-05 1.60000e-05 
1.29881e+02 5.02900e-03 7.41485e-05 7.41485e-05 1.30000e-05 1.30000e-05 
1.40842e+02 4.03600e-03 6.00167e-05 6.00167e-05 1.10000e-05 1.10000e-05 
1.53330e+02 3.18700e-03 4.78539e-05 4.78539e-05 9.00000e-06 9.00000e-06 
1.67293e+02 2.52100e-03 3.88330e-05 3.88330e-05 8.00000e-06 8.00000e-06 
1.83257e+02 1.97200e-03 3.05941e-05 3.05941e-05 6.00000e-06 6.00000e-06 
2.01224e+02 1.53200e-03 2.45153e-05 2.45153e-05 5.00000e-06 5.00000e-06 
2.21664e+02 1.17000e-03 1.94165e-05 1.94165e-05 4.00000e-06 4.00000e-06 
2.45576e+02 8.89500e-04 1.49907e-05 1.49907e-05 3.40000e-06 3.40000e-06 
2.74426e+02 6.55200e-04 1.14004e-05 1.14004e-05 2.60000e-06 2.60000e-06 
3.09744e+02 4.75800e-04 8.63481e-06 8.63481e-06 2.00000e-06 2.00000e-06 
3.53455e+02 3.33900e-04 6.47611e-06 6.47611e-06 1.50000e-06 1.50000e-06 
4.08553e+02 2.27400e-04 4.72969e-06 4.72969e-06 1.10000e-06 1.10000e-06 
4.80744e+02 1.47300e-04 3.29848e-06 3.29848e-06 8.00000e-07 8.00000e-07 
5.80317e+02 9.09500e-05 2.27561e-06 2.27561e-06 5.00000e-07 5.00000e-07 
7.25736e+02 4.98300e-05 1.44156e-06 1.44156e-06 3.00000e-07 3.00000e-07 
9.60941e+02 2.41200e-05 8.55102e-07 8.55102e-07 1.60000e-07 1.60000e-07 
1.41726e+03 8.83100e-06 4.36863e-07 4.36863e-07 6.50000e-08 6.50000e-08 
2.30632e+03 2.51800e-06 2.00691e-07 2.00691e-07 2.60000e-08 2.60000e-08 
