data size :  68
2.0291E+00   5.9680E+01   1.9212E+00   1.9212E+00
2.2688E+00   5.5720E+01   1.2551E+00   1.2551E+00
2.5285E+00   5.0500E+01   1.0092E+00   1.0092E+00
2.8128E+00   4.5610E+01   8.6996E-01   8.6996E-01
3.1226E+00   4.0660E+01   7.7116E-01   7.7116E-01
3.4570E+00   3.5650E+01   6.8547E-01   6.8547E-01
3.8215E+00   3.0850E+01   6.0375E-01   6.0375E-01
4.2160E+00   2.6400E+01   5.2376E-01   5.2376E-01
4.6452E+00   2.2330E+01   4.4619E-01   4.4619E-01
5.1145E+00   1.8700E+01   3.7350E-01   3.7350E-01
5.6238E+00   1.5520E+01   3.0811E-01   3.0811E-01
6.1732E+00   1.2820E+01   2.5199E-01   2.5199E-01
6.7672E+00   1.0540E+01   2.0466E-01   2.0466E-01
7.4114E+00   8.6330E+00   1.6549E-01   1.6549E-01
8.1056E+00   7.0680E+00   1.3389E-01   1.3389E-01
8.8546E+00   5.7700E+00   1.0822E-01   1.0822E-01
9.6636E+00   4.7160E+00   8.7803E-02   8.7803E-02
1.0533E+01   3.8420E+00   7.1201E-02   7.1201E-02
1.1480E+01   3.1210E+00   5.7706E-02   5.7706E-02
1.2482E+01   2.5500E+00   4.7114E-02   4.7114E-02
1.3530E+01   2.0860E+00   3.8565E-02   3.8565E-02
1.4678E+01   1.7010E+00   3.1506E-02   3.1506E-02
1.5926E+01   1.3860E+00   2.5707E-02   2.5707E-02
1.7275E+01   1.1250E+00   2.0920E-02   2.0920E-02
1.8723E+01   9.1510E-01   1.7072E-02   1.7072E-02
2.0272E+01   7.4230E-01   1.3887E-02   1.3887E-02
2.1920E+01   6.0470E-01   1.1351E-02   1.1351E-02
2.3716E+01   4.9250E-01   9.2741E-03   9.2741E-03
2.5665E+01   3.9960E-01   7.5530E-03   7.5530E-03
2.7714E+01   3.2630E-01   6.1884E-03   6.1884E-03
2.9910E+01   2.6620E-01   5.0684E-03   5.0684E-03
3.2260E+01   2.1740E-01   4.1535E-03   4.1535E-03
3.4756E+01   1.7800E-01   3.4157E-03   3.4157E-03
3.7453E+01   1.4570E-01   2.8051E-03   2.8051E-03
4.0350E+01   1.1890E-01   2.2983E-03   2.2983E-03
4.3447E+01   9.7320E-02   1.8883E-03   1.8883E-03
4.6744E+01   8.0100E-02   1.5598E-03   1.5598E-03
5.0289E+01   6.5360E-02   1.2772E-03   1.2772E-03
5.4087E+01   5.3800E-02   1.0549E-03   1.0549E-03
5.8132E+01   4.4230E-02   8.6993E-04   8.6993E-04
6.2477E+01   3.6330E-02   7.1694E-04   7.1694E-04
6.7170E+01   2.9860E-02   5.9110E-04   5.9110E-04
7.2216E+01   2.4580E-02   4.8797E-04   4.8797E-04
7.7609E+01   2.0200E-02   4.0228E-04   4.0228E-04
8.3403E+01   1.6560E-02   3.3074E-04   3.3074E-04
8.9644E+01   1.3620E-02   2.7308E-04   2.7308E-04
9.6386E+01   1.1250E-02   2.2625E-04   2.2625E-04
1.0386E+02   9.1690E-03   1.8516E-04   1.8516E-04
1.1187E+02   7.4700E-03   1.5175E-04   1.5175E-04
1.2035E+02   6.0920E-03   1.2451E-04   1.2451E-04
1.2983E+02   4.9570E-03   1.0209E-04   1.0209E-04
1.4077E+02   3.9610E-03   8.2316E-05   8.2316E-05
1.5325E+02   3.1460E-03   6.6214E-05   6.6214E-05
1.6720E+02   2.4890E-03   5.3146E-05   5.3146E-05
1.8315E+02   1.9290E-03   4.1912E-05   4.1912E-05
2.0110E+02   1.5040E-03   3.3367E-05   3.3367E-05
2.2151E+02   1.1460E-03   2.6041E-05   2.6041E-05
2.4538E+02   8.7210E-04   2.0386E-05   2.0386E-05
2.7416E+02   6.4530E-04   1.5622E-05   1.5622E-05
3.0940E+02   4.6730E-04   1.1824E-05   1.1824E-05
3.5298E+02   3.2990E-04   8.8167E-06   8.8167E-06
4.0789E+02   2.2210E-04   6.3539E-06   6.3539E-06
4.7971E+02   1.4450E-04   4.4958E-06   4.4958E-06
5.7863E+02   8.8900E-05   3.0874E-06   3.0874E-06
7.2265E+02   4.8560E-05   1.9515E-06   1.9515E-06
9.5409E+02   2.3680E-05   1.1685E-06   1.1685E-06
1.3958E+03   8.5420E-06   5.9018E-07   5.9018E-07
2.2644E+03   2.4630E-06   2.7550E-07   2.7550E-07
