data size :  83
1.0144E+00   4.2400E+01   2.0396E+00   2.0396E+00
1.0645E+00   5.3200E+01   2.0396E+00   2.0396E+00
1.1145E+00   6.3400E+01   2.0396E+00   2.0396E+00
1.1645E+00   7.4000E+01   3.0265E+00   3.0265E+00
1.2193E+00   8.1400E+01   3.0265E+00   3.0265E+00
1.2794E+00   8.8400E+01   3.0265E+00   3.0265E+00
1.3394E+00   9.2700E+01   3.0265E+00   3.0265E+00
1.3994E+00   9.6000E+01   4.0200E+00   4.0200E+00
1.4642E+00   9.7100E+01   4.0200E+00   4.0200E+00
1.5343E+00   9.7300E+01   4.0200E+00   4.0200E+00
1.6043E+00   9.8100E+01   4.0200E+00   4.0200E+00
1.6791E+00   9.6900E+01   4.0200E+00   4.0200E+00
1.7592E+00   9.5000E+01   4.0200E+00   4.0200E+00
1.8440E+00   9.2500E+01   3.0150E+00   3.0150E+00
1.9341E+00   9.0600E+01   3.0150E+00   3.0150E+00
2.0241E+00   8.8500E+01   3.0150E+00   3.0150E+00
2.1189E+00   8.5000E+01   3.0150E+00   3.0150E+00
2.2190E+00   8.0800E+01   3.0150E+00   3.0150E+00
2.3238E+00   7.7000E+01   3.0150E+00   3.0150E+00
2.4339E+00   7.3400E+01   3.0067E+00   3.0067E+00
2.5487E+00   6.9900E+01   3.0067E+00   3.0067E+00
2.6688E+00   6.5400E+01   3.0067E+00   3.0067E+00
2.7936E+00   6.1700E+01   2.0100E+00   2.0100E+00
2.9237E+00   5.7000E+01   2.0100E+00   2.0100E+00
3.0586E+00   5.3400E+01   2.0100E+00   2.0100E+00
3.2034E+00   4.9800E+01   2.0100E+00   2.0100E+00
3.3583E+00   4.6000E+01   2.0100E+00   2.0100E+00
3.5184E+00   4.2400E+01   2.0025E+00   2.0025E+00
3.6832E+00   3.8800E+01   2.0025E+00   2.0025E+00
3.8581E+00   3.6100E+01   1.0050E+00   1.0050E+00
4.0382E+00   3.2900E+01   1.0050E+00   1.0050E+00
4.2279E+00   3.0200E+01   1.0050E+00   1.0050E+00
4.4280E+00   2.7600E+01   1.0050E+00   1.0050E+00
4.6329E+00   2.5130E+01   9.0449E-01   9.0449E-01
4.8525E+00   2.2890E+01   9.0355E-01   9.0355E-01
5.0827E+00   2.0730E+01   8.0399E-01   8.0399E-01
5.4397E+00   1.8080E+01   7.0178E-01   7.0178E-01
5.9636E+00   1.4690E+01   6.0133E-01   6.0133E-01
6.5422E+00   1.2030E+01   5.0090E-01   5.0090E-01
7.1764E+00   9.7100E+00   4.0112E-01   4.0112E-01
7.8652E+00   7.8700E+00   3.0150E-01   3.0150E-01
8.6233E+00   6.3600E+00   2.0100E-01   2.0100E-01
9.4570E+00   5.0500E+00   2.0100E-01   2.0100E-01
1.0370E+01   4.0300E+00   2.0100E-01   2.0100E-01
1.1369E+01   3.2200E+00   1.0050E-01   1.0050E-01
1.2461E+01   2.5900E+00   1.0050E-01   1.0050E-01
1.3664E+01   2.0310E+00   8.0399E-02   8.0399E-02
1.4986E+01   1.6190E+00   6.0407E-02   6.0407E-02
1.6434E+01   1.2920E+00   5.0359E-02   5.0359E-02
1.8016E+01   1.0030E+00   4.0311E-02   4.0311E-02
1.9757E+01   7.9000E-01   3.0265E-02   3.0265E-02
2.1664E+01   6.3300E-01   2.0224E-02   2.0224E-02
2.3750E+01   4.8600E-01   2.0224E-02   2.0224E-02
2.6045E+01   3.8000E-01   1.0198E-02   1.0198E-02
2.8561E+01   3.0400E-01   1.0198E-02   1.0198E-02
3.1315E+01   2.3300E-01   9.2195E-03   9.2195E-03
3.4335E+01   1.8400E-01   7.0711E-03   7.0711E-03
3.7643E+01   1.4300E-01   5.0990E-03   5.0990E-03
4.1276E+01   1.1200E-01   4.1231E-03   4.1231E-03
4.5259E+01   8.9600E-02   3.1321E-03   3.1321E-03
4.9625E+01   6.7700E-02   3.0806E-03   3.0806E-03
5.4416E+01   5.1900E-02   2.0881E-03   2.0881E-03
5.9666E+01   4.0700E-02   2.0616E-03   2.0616E-03
6.5420E+01   3.1800E-02   1.0770E-03   1.0770E-03
7.1733E+01   2.4900E-02   1.0770E-03   1.0770E-03
7.8655E+01   1.9000E-02   7.6158E-04   7.6158E-04
8.6240E+01   1.4700E-02   6.7082E-04   6.7082E-04
9.4559E+01   1.2100E-02   5.3852E-04   5.3852E-04
1.0599E+02   8.6000E-03   3.6056E-04   3.6056E-04
1.2170E+02   5.8000E-03   2.2361E-04   2.2361E-04
1.3972E+02   3.9800E-03   2.1932E-04   2.1932E-04
1.6042E+02   2.7500E-03   1.2207E-04   1.2207E-04
1.8419E+02   1.8600E-03   9.4340E-05   9.4340E-05
2.1148E+02   1.2100E-03   6.4031E-05   6.4031E-05
2.4281E+02   7.8000E-04   4.2426E-05   4.2426E-05
2.7878E+02   5.6000E-04   3.6056E-05   3.6056E-05
3.2008E+02   4.1000E-04   2.8284E-05   2.8284E-05
3.6750E+02   2.8000E-04   2.2361E-05   2.2361E-05
4.2195E+02   2.0000E-04   1.4142E-05   1.4142E-05
4.8447E+02   1.4000E-04   1.2806E-05   1.2806E-05
5.8049E+02   8.4000E-05   8.4853E-06   8.4853E-06
7.4607E+02   5.1000E-05   7.0711E-06   7.0711E-06
1.0037E+03   3.0000E-05   8.6023E-06   8.6023E-06
