data size :  67
2.2716E+00   4.0220E+01   1.6849E+00   1.6849E+00
2.5314E+00   3.9000E+01   1.5711E+00   1.5711E+00
2.8160E+00   3.8490E+01   1.5146E+00   1.5146E+00
3.1259E+00   3.8170E+01   1.4763E+00   1.4763E+00
3.4606E+00   3.8060E+01   1.4575E+00   1.4575E+00
3.8253E+00   3.7860E+01   1.4386E+00   1.4386E+00
4.2200E+00   3.7690E+01   1.4247E+00   1.4247E+00
4.6496E+00   3.7290E+01   1.4046E+00   1.4046E+00
5.1191E+00   3.6840E+01   1.3851E+00   1.3851E+00
5.6288E+00   3.6350E+01   1.3658E+00   1.3658E+00
6.1784E+00   3.5900E+01   1.3490E+00   1.3490E+00
6.7729E+00   3.5520E+01   1.3357E+00   1.3357E+00
7.4174E+00   3.5220E+01   1.3258E+00   1.3258E+00
8.1120E+00   3.4790E+01   1.3112E+00   1.3112E+00
8.8614E+00   3.4410E+01   1.2986E+00   1.2986E+00
9.6709E+00   3.4180E+01   1.2919E+00   1.2919E+00
1.0540E+01   3.3970E+01   1.2857E+00   1.2857E+00
1.1489E+01   3.3610E+01   1.2744E+00   1.2744E+00
1.2490E+01   3.3240E+01   1.2625E+00   1.2625E+00
1.3539E+01   3.2920E+01   1.2521E+00   1.2521E+00
1.4688E+01   3.2850E+01   1.2516E+00   1.2516E+00
1.5937E+01   3.2320E+01   1.2335E+00   1.2335E+00
1.7286E+01   3.1970E+01   1.2227E+00   1.2227E+00
1.8735E+01   3.1600E+01   1.2107E+00   1.2107E+00
2.0284E+01   3.1170E+01   1.1969E+00   1.1969E+00
2.1934E+01   3.0940E+01   1.1905E+00   1.1905E+00
2.3731E+01   3.0530E+01   1.1775E+00   1.1775E+00
2.5681E+01   3.0300E+01   1.1720E+00   1.1720E+00
2.7730E+01   3.0170E+01   1.1703E+00   1.1703E+00
2.9928E+01   2.9830E+01   1.1603E+00   1.1603E+00
3.2278E+01   2.9510E+01   1.1521E+00   1.1521E+00
3.4776E+01   2.9340E+01   1.1494E+00   1.1494E+00
3.7474E+01   2.9190E+01   1.1481E+00   1.1481E+00
4.0372E+01   2.9150E+01   1.1515E+00   1.1515E+00
4.3471E+01   2.8850E+01   1.1449E+00   1.1449E+00
4.6769E+01   2.8780E+01   1.1475E+00   1.1475E+00
5.0316E+01   2.8240E+01   1.1317E+00   1.1317E+00
5.4115E+01   2.8190E+01   1.1356E+00   1.1356E+00
5.8162E+01   2.8400E+01   1.1505E+00   1.1505E+00
6.2510E+01   2.8160E+01   1.1474E+00   1.1474E+00
6.7205E+01   2.8070E+01   1.1509E+00   1.1509E+00
7.2253E+01   2.8540E+01   1.1781E+00   1.1781E+00
7.7650E+01   2.8210E+01   1.1720E+00   1.1720E+00
8.3446E+01   2.7910E+01   1.1675E+00   1.1675E+00
8.9691E+01   2.8250E+01   1.1905E+00   1.1905E+00
9.6437E+01   2.8540E+01   1.2120E+00   1.2120E+00
1.0392E+02   2.8290E+01   1.2099E+00   1.2099E+00
1.1193E+02   2.7920E+01   1.2060E+00   1.2060E+00
1.2042E+02   2.7920E+01   1.2158E+00   1.2158E+00
1.2990E+02   2.7820E+01   1.2227E+00   1.2227E+00
1.4087E+02   2.7330E+01   1.2100E+00   1.2100E+00
1.5336E+02   2.8050E+01   1.2583E+00   1.2583E+00
1.6733E+02   2.7960E+01   1.2686E+00   1.2686E+00
1.8330E+02   2.7420E+01   1.2608E+00   1.2608E+00
2.0128E+02   2.6960E+01   1.2587E+00   1.2587E+00
2.2173E+02   2.7360E+01   1.2997E+00   1.2997E+00
2.4566E+02   2.7510E+01   1.3312E+00   1.3312E+00
2.7453E+02   2.7230E+01   1.3437E+00   1.3437E+00
3.0989E+02   2.7420E+01   1.3886E+00   1.3886E+00
3.5365E+02   2.6980E+01   1.4073E+00   1.4073E+00
4.0883E+02   2.7010E+01   1.4671E+00   1.4671E+00
4.8117E+02   2.7490E+01   1.5708E+00   1.5708E+00
5.8101E+02   2.8480E+01   1.7446E+00   1.7446E+00
7.2701E+02   2.7750E+01   1.8660E+00   1.8660E+00
9.6377E+02   2.7300E+01   2.0908E+00   2.0908E+00
1.4262E+03   2.5930E+01   2.6029E+00   2.6029E+00
2.3238E+03   2.5500E+01   3.3396E+00   3.3396E+00

