data size :  67
2.0291E+00   2.4220E-01   1.0484E-02   1.0484E-02
2.2688E+00   2.5360E-01   9.9982E-03   9.9982E-03
2.5285E+00   2.5410E-01   9.5860E-03   9.5860E-03
2.8128E+00   2.4540E-01   9.0685E-03   9.0685E-03
3.1226E+00   2.2970E-01   8.3923E-03   8.3923E-03
3.4570E+00   2.0750E-01   7.5295E-03   7.5295E-03
3.8215E+00   1.8350E-01   6.6305E-03   6.6305E-03
4.2160E+00   1.6080E-01   5.7981E-03   5.7981E-03
4.6452E+00   1.3830E-01   4.9826E-03   4.9826E-03
5.1145E+00   1.1780E-01   4.2452E-03   4.2452E-03
5.6238E+00   9.8980E-02   3.5701E-03   3.5701E-03
6.1732E+00   8.2170E-02   2.9683E-03   2.9683E-03
6.7672E+00   6.8030E-02   2.4617E-03   2.4617E-03
7.4114E+00   5.5580E-02   2.0154E-03   2.0154E-03
8.1056E+00   4.5190E-02   1.6422E-03   1.6422E-03
8.8546E+00   3.6670E-02   1.3354E-03   1.3354E-03
9.6636E+00   2.9650E-02   1.0821E-03   1.0821E-03
1.0533E+01   2.3800E-02   8.7090E-04   8.7090E-04
1.1480E+01   1.8920E-02   6.9377E-04   6.9377E-04
1.2482E+01   1.5370E-02   5.6542E-04   5.6542E-04
1.3530E+01   1.2270E-02   4.5222E-04   4.5222E-04
1.4678E+01   9.9260E-03   3.6667E-04   3.6667E-04
1.5926E+01   7.9100E-03   2.9289E-04   2.9289E-04
1.7275E+01   6.2500E-03   2.3192E-04   2.3192E-04
1.8723E+01   4.9980E-03   1.8590E-04   1.8590E-04
2.0272E+01   3.9750E-03   1.4818E-04   1.4818E-04
2.1920E+01   3.1870E-03   1.1901E-04   1.1901E-04
2.3716E+01   2.5420E-03   9.5079E-05   9.5079E-05
2.5665E+01   2.0050E-03   7.5199E-05   7.5199E-05
2.7714E+01   1.6050E-03   6.0350E-05   6.0350E-05
2.9910E+01   1.2930E-03   4.8739E-05   4.8739E-05
3.2260E+01   1.0190E-03   3.8599E-05   3.8599E-05
3.4756E+01   8.1090E-04   3.0837E-05   3.0837E-05
3.7453E+01   6.4360E-04   2.4592E-05   2.4592E-05
4.0350E+01   5.1910E-04   1.9954E-05   1.9954E-05
4.3447E+01   4.1190E-04   1.5952E-05   1.5952E-05
4.6744E+01   3.3420E-04   1.3037E-05   1.3037E-05
5.0289E+01   2.5750E-04   1.0143E-05   1.0143E-05
5.4087E+01   2.0830E-04   8.2922E-06   8.2922E-06
5.8132E+01   1.6600E-04   6.6840E-06   6.6840E-06
6.2477E+01   1.3530E-04   5.5100E-06   5.5100E-06
6.7170E+01   1.0600E-04   4.3791E-06   4.3791E-06
7.2216E+01   8.5430E-05   3.5884E-06   3.5884E-06
7.7609E+01   6.6740E-05   2.8587E-06   2.8587E-06
8.3403E+01   5.3320E-05   2.3304E-06   2.3304E-06
8.9644E+01   4.3840E-05   1.9502E-06   1.9502E-06
9.6386E+01   3.3070E-05   1.5183E-06   1.5183E-06
1.0386E+02   2.6810E-05   1.2504E-06   1.2504E-06
1.1187E+02   2.0300E-05   9.9480E-07   9.9480E-07
1.2035E+02   1.6020E-05   8.0618E-07   8.0618E-07
1.2983E+02   1.2910E-05   6.6747E-07   6.6747E-07
1.4077E+02   1.0700E-05   5.5750E-07   5.5750E-07
1.5325E+02   8.3190E-06   4.5258E-07   4.5258E-07
1.6720E+02   6.4000E-06   3.6047E-07   3.6047E-07
1.8315E+02   4.6660E-06   2.7740E-07   2.7740E-07
2.0110E+02   3.4600E-06   2.1781E-07   2.1781E-07
2.2151E+02   2.5420E-06   1.6901E-07   1.6901E-07
2.4538E+02   2.0650E-06   1.4080E-07   1.4080E-07
2.7416E+02   1.2780E-06   9.5568E-08   9.5568E-08
3.0940E+02   9.3240E-07   7.3586E-08   7.3586E-08
3.5298E+02   7.1620E-07   5.8573E-08   5.8573E-08
4.0789E+02   4.9700E-07   4.3564E-08   4.3564E-08
4.7971E+02   2.2030E-07   2.3355E-08   2.3355E-08
5.8557E+02   1.5730E-07   1.7003E-08   1.7003E-08
7.5584E+02   7.1620E-08   9.2631E-09   9.2631E-09
1.0535E+03   2.7420E-08   4.4915E-09   4.4915E-09
1.9029E+03   5.2000E-09   1.4866E-09   1.4866E-09
