data size :  66
2.2716E+00   5.9630E-01   2.3857E-02   2.3857E-02
2.5314E+00   6.0170E-01   2.3460E-02   2.3460E-02
2.8160E+00   6.2340E-01   2.3568E-02   2.3568E-02
3.1259E+00   6.4320E-01   2.3671E-02   2.3671E-02
3.4606E+00   6.5170E-01   2.3462E-02   2.3462E-02
3.8253E+00   6.5640E-01   2.3244E-02   2.3244E-02
4.2200E+00   6.6690E-01   2.3303E-02   2.3303E-02
4.6496E+00   6.8290E-01   2.3617E-02   2.3617E-02
5.1191E+00   6.8690E-01   2.3566E-02   2.3566E-02
5.6288E+00   6.9860E-01   2.3845E-02   2.3845E-02
6.1784E+00   7.0540E-01   2.3987E-02   2.3987E-02
6.7729E+00   7.1400E-01   2.4219E-02   2.4219E-02
7.4174E+00   7.2090E-01   2.4422E-02   2.4422E-02
8.1120E+00   7.2420E-01   2.4528E-02   2.4528E-02
8.8614E+00   7.2660E-01   2.4617E-02   2.4617E-02
9.6709E+00   7.3080E-01   2.4788E-02   2.4788E-02
1.0540E+01   7.2510E-01   2.4643E-02   2.4643E-02
1.1489E+01   7.2590E-01   2.4717E-02   2.4717E-02
1.2490E+01   7.3030E-01   2.4953E-02   2.4953E-02
1.3539E+01   7.2670E-01   2.4904E-02   2.4904E-02
1.4688E+01   7.3210E-01   2.5161E-02   2.5161E-02
1.5937E+01   7.2470E-01   2.4990E-02   2.4990E-02
1.7286E+01   7.2710E-01   2.5185E-02   2.5185E-02
1.8735E+01   7.1650E-01   2.4914E-02   2.4914E-02
2.0284E+01   7.1790E-01   2.5069E-02   2.5069E-02
2.1934E+01   7.2290E-01   2.5331E-02   2.5331E-02
2.3731E+01   7.2360E-01   2.5419E-02   2.5419E-02
2.5681E+01   7.1330E-01   2.5181E-02   2.5181E-02
2.7730E+01   7.0670E-01   2.5068E-02   2.5068E-02
2.9928E+01   7.3340E-01   2.6154E-02   2.6154E-02
3.2278E+01   7.2580E-01   2.6099E-02   2.6099E-02
3.4776E+01   7.1130E-01   2.5764E-02   2.5764E-02
3.7474E+01   7.1270E-01   2.6062E-02   2.6062E-02
4.0372E+01   7.3470E-01   2.7166E-02   2.7166E-02
4.3471E+01   7.2070E-01   2.6987E-02   2.6987E-02
4.6769E+01   7.1560E-01   2.7145E-02   2.7145E-02
5.0316E+01   7.1010E-01   2.7389E-02   2.7389E-02
5.4115E+01   7.0930E-01   2.7840E-02   2.7840E-02
5.8162E+01   7.0890E-01   2.8352E-02   2.8352E-02
6.2510E+01   7.2850E-01   2.9726E-02   2.9726E-02
6.7205E+01   7.1650E-01   2.9901E-02   2.9901E-02
7.2253E+01   7.2280E-01   3.0963E-02   3.0963E-02
7.7650E+01   6.9130E-01   3.0447E-02   3.0447E-02
8.3446E+01   6.9260E-01   3.1450E-02   3.1450E-02
8.9691E+01   6.9600E-01   3.2432E-02   3.2432E-02
9.6437E+01   6.8130E-01   3.3188E-02   3.3188E-02
1.0392E+02   7.0810E-01   3.5351E-02   3.5351E-02
1.1193E+02   6.8460E-01   3.6585E-02   3.6585E-02
1.2042E+02   6.3330E-01   3.4751E-02   3.4751E-02
1.2990E+02   6.8540E-01   3.9290E-02   3.9290E-02
1.4087E+02   7.2250E-01   4.1966E-02   4.1966E-02
1.5336E+02   7.6910E-01   4.7628E-02   4.7628E-02
1.6733E+02   7.3290E-01   4.7042E-02   4.7042E-02
1.8330E+02   6.6600E-01   4.5110E-02   4.5110E-02
2.0128E+02   6.8130E-01   4.9623E-02   4.9623E-02
2.2173E+02   6.6800E-01   5.1682E-02   5.1682E-02
2.4566E+02   7.2240E-01   5.7889E-02   5.7889E-02
2.7453E+02   6.8890E-01   6.1016E-02   6.1016E-02
3.0989E+02   6.5520E-01   6.0845E-02   6.0845E-02
3.5365E+02   8.0750E-01   7.9845E-02   7.9845E-02
4.0883E+02   8.2630E-01   8.7726E-02   8.7726E-02
4.8117E+02   5.6990E-01   7.0559E-02   7.0559E-02
5.8864E+02   6.8000E-01   8.5554E-02   8.5554E-02
7.6210E+02   7.1050E-01   1.0661E-01   1.0661E-01
1.0696E+03   6.2040E-01   1.1318E-01   1.1318E-01
2.0712E+03   9.8650E-01   3.8441E-01   3.8441E-01
