data size :  66
2.2716E+00   1.7570E-01   6.4735E-03   6.4735E-03
2.5314E+00   1.8250E-01   6.4876E-03   6.4876E-03
2.8160E+00   1.9240E-01   6.6042E-03   6.6042E-03
3.1259E+00   2.0410E-01   6.7873E-03   6.7873E-03
3.4606E+00   2.1120E-01   6.8408E-03   6.8408E-03
3.8253E+00   2.1630E-01   6.8674E-03   6.8674E-03
4.2200E+00   2.1910E-01   6.8448E-03   6.8448E-03
4.6496E+00   2.2000E-01   6.7865E-03   6.7865E-03
5.1191E+00   2.1980E-01   6.7166E-03   6.7166E-03
5.6288E+00   2.1970E-01   6.6708E-03   6.6708E-03
6.1784E+00   2.1770E-01   6.5840E-03   6.5840E-03
6.7729E+00   2.1650E-01   6.5295E-03   6.5295E-03
7.4174E+00   2.1460E-01   6.4647E-03   6.4647E-03
8.1120E+00   2.1120E-01   6.3623E-03   6.3623E-03
8.8614E+00   2.0930E-01   6.3159E-03   6.3159E-03
9.6709E+00   2.0710E-01   6.2632E-03   6.2632E-03
1.0540E+01   2.0380E-01   6.1798E-03   6.1798E-03
1.1489E+01   1.9950E-01   6.0619E-03   6.0619E-03
1.2490E+01   1.9780E-01   6.0351E-03   6.0351E-03
1.3539E+01   1.9240E-01   5.8854E-03   5.8854E-03
1.4688E+01   1.9050E-01   5.8458E-03   5.8458E-03
1.5937E+01   1.8510E-01   5.7021E-03   5.7021E-03
1.7286E+01   1.7960E-01   5.5550E-03   5.5550E-03
1.8735E+01   1.7550E-01   5.4482E-03   5.4482E-03
2.0284E+01   1.6960E-01   5.2890E-03   5.2890E-03
2.1934E+01   1.6640E-01   5.2104E-03   5.2104E-03
2.3731E+01   1.6260E-01   5.1082E-03   5.1082E-03
2.5681E+01   1.5750E-01   4.9763E-03   4.9763E-03
2.7730E+01   1.5420E-01   4.9016E-03   4.9016E-03
2.9928E+01   1.5190E-01   4.8555E-03   4.8555E-03
3.2278E+01   1.4600E-01   4.7076E-03   4.7076E-03
3.4776E+01   1.4120E-01   4.5886E-03   4.5886E-03
3.7474E+01   1.3650E-01   4.4778E-03   4.4778E-03
4.0372E+01   1.3360E-01   4.4284E-03   4.4284E-03
4.3471E+01   1.3050E-01   4.3819E-03   4.3819E-03
4.6769E+01   1.2900E-01   4.3837E-03   4.3837E-03
5.0316E+01   1.1880E-01   4.0986E-03   4.0986E-03
5.4115E+01   1.1800E-01   4.1377E-03   4.1377E-03
5.8162E+01   1.1390E-01   4.0571E-03   4.0571E-03
6.2510E+01   1.1320E-01   4.1019E-03   4.1019E-03
6.7205E+01   1.0900E-01   4.0261E-03   4.0261E-03
7.2253E+01   1.0680E-01   4.0319E-03   4.0319E-03
7.7650E+01   1.0070E-01   3.8993E-03   3.8993E-03
8.3446E+01   9.8910E-02   3.9324E-03   3.9324E-03
8.9691E+01   9.7890E-02   3.9770E-03   3.9770E-03
9.6437E+01   9.1120E-02   3.8466E-03   3.8466E-03
1.0392E+02   8.9710E-02   3.8553E-03   3.8553E-03
1.1193E+02   8.4160E-02   3.8408E-03   3.8408E-03
1.2042E+02   7.9860E-02   3.7551E-03   3.7551E-03
1.2990E+02   8.0560E-02   3.9062E-03   3.9062E-03
1.4087E+02   8.3100E-02   4.0574E-03   4.0574E-03
1.5336E+02   8.2960E-02   4.2540E-03   4.2540E-03
1.6733E+02   8.0360E-02   4.2761E-03   4.2761E-03
1.8330E+02   7.4530E-02   4.2061E-03   4.2061E-03
2.0128E+02   7.2640E-02   4.3636E-03   4.3636E-03
2.2173E+02   6.7810E-02   4.3101E-03   4.3101E-03
2.4566E+02   7.2040E-02   4.6877E-03   4.6877E-03
2.7453E+02   5.8700E-02   4.1988E-03   4.1988E-03
3.0989E+02   6.0710E-02   4.5769E-03   4.5769E-03
3.5365E+02   6.4590E-02   5.0116E-03   5.0116E-03
4.0883E+02   6.9550E-02   5.7612E-03   5.7612E-03
4.8117E+02   4.5090E-02   4.5309E-03   4.5309E-03
5.8864E+02   5.5060E-02   5.4940E-03   5.4940E-03
7.6210E+02   5.0550E-02   5.9346E-03   5.9346E-03
1.0696E+03   4.5460E-02   6.5794E-03   6.5794E-03
2.0712E+03   4.4000E-02   1.2219E-02   1.2219E-02
