data size :  66
2.2688E+00   3.8250E-01   1.8652E-02   1.8652E-02
2.5285E+00   3.7570E-01   1.7354E-02   1.7354E-02
2.8128E+00   3.4910E-01   1.5772E-02   1.5772E-02
3.1226E+00   3.1660E-01   1.4087E-02   1.4087E-02
3.4570E+00   2.8220E-01   1.2420E-02   1.2420E-02
3.8215E+00   2.4410E-01   1.0665E-02   1.0665E-02
4.2160E+00   2.1060E-01   9.1568E-03   9.1568E-03
4.6452E+00   1.7920E-01   7.7668E-03   7.7668E-03
5.1145E+00   1.5080E-01   6.5247E-03   6.5247E-03
5.6238E+00   1.2600E-01   5.4473E-03   5.4473E-03
6.1732E+00   1.0350E-01   4.4741E-03   4.4741E-03
6.7672E+00   8.5890E-02   3.7140E-03   3.7140E-03
7.4114E+00   6.9810E-02   3.0222E-03   3.0222E-03
8.1056E+00   5.7110E-02   2.4749E-03   2.4749E-03
8.8546E+00   4.6530E-02   2.0189E-03   2.0189E-03
9.6636E+00   3.7740E-02   1.6399E-03   1.6399E-03
1.0533E+01   3.0470E-02   1.3262E-03   1.3262E-03
1.1480E+01   2.4710E-02   1.0772E-03   1.0772E-03
1.2482E+01   1.9880E-02   8.6848E-04   8.6848E-04
1.3530E+01   1.6240E-02   7.1071E-04   7.1071E-04
1.4678E+01   1.3260E-02   5.8147E-04   5.8147E-04
1.5926E+01   1.0720E-02   4.7123E-04   4.7123E-04
1.7275E+01   8.6880E-03   3.8252E-04   3.8252E-04
1.8723E+01   6.9660E-03   3.0740E-04   3.0740E-04
2.0272E+01   5.6590E-03   2.5026E-04   2.5026E-04
2.1920E+01   4.6270E-03   2.0506E-04   2.0506E-04
2.3716E+01   3.6700E-03   1.6288E-04   1.6288E-04
2.5665E+01   2.9590E-03   1.3172E-04   1.3172E-04
2.7714E+01   2.3800E-03   1.0626E-04   1.0626E-04
2.9910E+01   1.9400E-03   8.6847E-05   8.6847E-05
3.2260E+01   1.5500E-03   6.9661E-05   6.9661E-05
3.4756E+01   1.2600E-03   5.6836E-05   5.6836E-05
3.7453E+01   1.0210E-03   4.6248E-05   4.6248E-05
4.0350E+01   8.1160E-04   3.6967E-05   3.6967E-05
4.3447E+01   6.7010E-04   3.0684E-05   3.0684E-05
4.6744E+01   5.4610E-04   2.5158E-05   2.5158E-05
5.0289E+01   4.4790E-04   2.0754E-05   2.0754E-05
5.4087E+01   3.4730E-04   1.6241E-05   1.6241E-05
5.8132E+01   2.8190E-04   1.3279E-05   1.3279E-05
6.2477E+01   2.3490E-04   1.1151E-05   1.1151E-05
6.7170E+01   1.8830E-04   9.0183E-06   9.0183E-06
7.2216E+01   1.4840E-04   7.1930E-06   7.1930E-06
7.7609E+01   1.2360E-04   6.0496E-06   6.0496E-06
8.3403E+01   1.0070E-04   4.9881E-06   4.9881E-06
8.9644E+01   8.1820E-05   4.1021E-06   4.1021E-06
9.6386E+01   6.5030E-05   3.3100E-06   3.3100E-06
1.0386E+02   5.3850E-05   2.7656E-06   2.7656E-06
1.1187E+02   4.0710E-05   2.1520E-06   2.1520E-06
1.2035E+02   3.3990E-05   1.8165E-06   1.8165E-06
1.2983E+02   2.7430E-05   1.4907E-06   1.4907E-06
1.4077E+02   2.1820E-05   1.1992E-06   1.1992E-06
1.5325E+02   1.6750E-05   9.4731E-07   9.4731E-07
1.6720E+02   1.3230E-05   7.6266E-07   7.6266E-07
1.8315E+02   1.0100E-05   5.9897E-07   5.9897E-07
2.0110E+02   7.2640E-06   4.4959E-07   4.4959E-07
2.2151E+02   6.0680E-06   3.8154E-07   3.8154E-07
2.4538E+02   4.4000E-06   2.8760E-07   2.8760E-07
2.7416E+02   3.3520E-06   2.2499E-07   2.2499E-07
3.0940E+02   2.3780E-06   1.6702E-07   1.6702E-07
3.5298E+02   1.7060E-06   1.2515E-07   1.2515E-07
4.0789E+02   1.0610E-06   8.4109E-08   8.4109E-08
4.7971E+02   6.9520E-07   5.8742E-08   5.8742E-08
5.8557E+02   3.9430E-07   3.6046E-08   3.6046E-08
7.5584E+02   2.1600E-07   2.2242E-08   2.2242E-08
1.0535E+03   9.3270E-08   1.1586E-08   1.1586E-08
1.9029E+03   1.6460E-08   3.3184E-09   3.3184E-09
