data size :  67
2.2688E+00   1.3850E+00   6.7131E-02   6.7131E-02
2.5285E+00   1.2950E+00   5.8430E-02   5.8430E-02
2.8128E+00   1.1850E+00   5.0832E-02   5.0832E-02
3.1226E+00   1.0650E+00   4.3973E-02   4.3973E-02
3.4570E+00   9.3670E-01   3.7603E-02   3.7603E-02
3.8215E+00   8.1480E-01   3.2059E-02   3.2059E-02
4.2160E+00   7.0040E-01   2.7169E-02   2.7169E-02
4.6452E+00   5.9890E-01   2.3005E-02   2.3005E-02
5.1145E+00   5.0760E-01   1.9382E-02   1.9382E-02
5.6238E+00   4.2680E-01   1.6236E-02   1.6236E-02
6.1732E+00   3.5700E-01   1.3557E-02   1.3557E-02
6.7672E+00   2.9670E-01   1.1261E-02   1.1261E-02
7.4114E+00   2.4510E-01   9.3089E-03   9.3089E-03
8.1056E+00   2.0320E-01   7.7243E-03   7.7243E-03
8.8546E+00   1.6770E-01   6.3851E-03   6.3851E-03
9.6636E+00   1.3800E-01   5.2628E-03   5.2628E-03
1.0533E+01   1.1310E-01   4.3223E-03   4.3223E-03
1.1480E+01   9.2850E-02   3.5547E-03   3.5547E-03
1.2482E+01   7.6700E-02   2.9423E-03   2.9423E-03
1.3530E+01   6.3360E-02   2.4351E-03   2.4351E-03
1.4678E+01   5.1790E-02   1.9938E-03   1.9938E-03
1.5926E+01   4.2880E-02   1.6541E-03   1.6541E-03
1.7275E+01   3.5180E-02   1.3601E-03   1.3601E-03
1.8723E+01   2.8960E-02   1.1222E-03   1.1222E-03
2.0272E+01   2.3810E-02   9.2486E-04   9.2486E-04
2.1920E+01   1.9550E-02   7.6104E-04   7.6104E-04
2.3716E+01   1.6130E-02   6.2958E-04   6.2958E-04
2.5665E+01   1.3190E-02   5.1607E-04   5.1607E-04
2.7714E+01   1.0810E-02   4.2453E-04   4.2453E-04
2.9910E+01   8.9270E-03   3.5153E-04   3.5153E-04
3.2260E+01   7.3640E-03   2.9104E-04   2.9104E-04
3.4756E+01   6.0680E-03   2.4076E-04   2.4076E-04
3.7453E+01   4.9900E-03   1.9882E-04   1.9882E-04
4.0350E+01   4.0790E-03   1.6322E-04   1.6322E-04
4.3447E+01   3.3730E-03   1.3560E-04   1.3560E-04
4.6744E+01   2.7830E-03   1.1246E-04   1.1246E-04
5.0289E+01   2.3140E-03   9.3987E-05   9.3987E-05
5.4087E+01   1.9090E-03   7.7960E-05   7.7960E-05
5.8132E+01   1.5570E-03   6.3983E-05   6.3983E-05
6.2477E+01   1.2900E-03   5.3343E-05   5.3343E-05
6.7170E+01   1.0640E-03   4.4256E-05   4.4256E-05
7.2216E+01   8.6110E-04   3.6078E-05   3.6078E-05
7.7609E+01   7.1600E-04   3.0211E-05   3.0211E-05
8.3403E+01   5.9330E-04   2.5217E-05   2.5217E-05
8.9644E+01   4.8220E-04   2.0661E-05   2.0661E-05
9.6386E+01   3.9420E-04   1.7024E-05   1.7024E-05
1.0386E+02   3.2410E-04   1.4103E-05   1.4103E-05
1.1187E+02   2.6760E-04   1.1765E-05   1.1765E-05
1.2035E+02   2.1820E-04   9.6774E-06   9.6774E-06
1.2983E+02   1.7810E-04   7.9759E-06   7.9759E-06
1.4077E+02   1.4490E-04   6.5452E-06   6.5452E-06
1.5325E+02   1.1220E-04   5.1355E-06   5.1355E-06
1.6720E+02   8.9040E-05   4.1285E-06   4.1285E-06
1.8315E+02   7.0360E-05   3.3121E-06   3.3121E-06
2.0110E+02   5.5800E-05   2.6716E-06   2.6716E-06
2.2151E+02   4.1890E-05   2.0462E-06   2.0462E-06
2.4538E+02   3.1700E-05   1.5827E-06   1.5827E-06
2.7416E+02   2.3700E-05   1.2134E-06   1.2134E-06
3.0940E+02   1.7040E-05   9.0198E-07   9.0198E-07
3.5298E+02   1.2230E-05   6.7359E-07   6.7359E-07
4.0789E+02   8.2240E-06   4.7862E-07   4.7862E-07
4.7971E+02   5.2560E-06   3.2872E-07   3.2872E-07
5.7863E+02   3.1220E-06   2.1584E-07   2.1584E-07
7.2265E+02   1.7500E-06   1.3844E-07   1.3844E-07
9.5409E+02   8.6750E-07   8.2519E-08   8.2519E-08
1.3958E+03   3.2940E-07   3.8147E-08   3.8147E-08
2.2644E+03   9.6590E-08   1.5699E-08   1.5699E-08
